time,ax,ay,az,gx,gy,gz,accmagnitude,gccmagnitude
0,31.816633997568484,-177.37747737124658,-11.747060213236809,602.7996299181057,1095.7686092396054,259.51870401359815,180.62878189322228,1310.9952461624623
1,32.43540768340742,-184.19553056932125,-15.446274904122845,497.7172949837132,1147.5545487683996,233.19745002190973,187.85201070056624,1349.7659658317941
2,33.03503295466406,-190.97188603537808,-19.06705230822612,395.73987380662254,1198.931944952634,207.56896725830518,195.022573461656,1388.0582548482082
3,33.59858781262151,-197.67172379279174,-22.56998416780425,297.8972087145056,1249.5106659417086,182.9944508629971,202.09968279247343,1425.6090139372425
4,34.10954379955706,-204.25983944433796,-25.916270269550502,205.16372383288223,1298.8995026316322,159.80958242226222,209.04236798982552,1462.1483546135798
5,34.55219302540488,-210.70083017573967,-29.06842767820996,118.43901974611744,1346.7109147309316,138.3157199400727,215.80979639877683,1497.4013129917935
6,34.91204023876353,-216.95936520847226,-31.990988883334225,38.52950928279141,1392.5659500525285,118.77221539106827,222.36166794095587,1531.0902210335892
7,35.17614848403064,-223.00054858260526,-34.65117371597496,-33.86842530622661,1436.0992854325812,101.39013271709199,228.65868700703643,1562.9377829151824
8,35.33343037087605,-228.7903727850692,-37.01952114165462,-98.18325564036346,1476.9643210078082,86.32757925753208,234.66310759405388,1592.6708431342395
9,35.37488033622473,-234.2962524132599,-39.07046852402894,-153.98061841519228,1514.8382426952066,73.68679467911483,240.33933928892375,1620.0247686499247
10,35.2937463858449,-239.4876188742745,-40.78286748464542,-200.9726557079072,1549.426952242226,63.513066965627566,245.65459447603226,1644.7483072726534
11,35.08564258457575,-244.33655076900357,-42.14042689520285,-239.02398883594955,1580.4697520406107,55.795468293889165,250.5795516217245,1666.608735906888
12,34.748605945851835,-248.81841049515438,-43.13207469831657,-268.15402131646897,1607.743664830773,50.469328011088606,255.0890060145358,1685.397080512567
13,34.28310325693707,-252.912455830281,-43.75223114941159,-288.5353812407457,1631.0672677983378,47.42028888080779,259.16247800872964,1700.9331774651646
14,33.691994600995415,-256.6023956025526,-44.00098681702806,-300.4884459296047,1650.3039270111099,46.48972975966196,262.78474941733816,1713.0703531955894
15,32.980460728425115,-259.8768606138585,-43.884179376788175,-304.4720350796635,1665.3643315779962,47.481286260656205,265.94630083362415,1721.6995230954683
16,32.15590098245294,-262.72976440395126,-43.41336397425947,-301.07050507452067,1676.2082465575418,50.168163697387996,268.64362601378656,1726.7525475795337
17,31.227807411657228,-265.1605330518967,-42.60567289891362,-290.9776187041356,1682.8454280070798,54.300915833026366,270.87940391301214,1728.204727797173
18,30.207619273575673,-267.1741888655514,-41.483561759395414,-274.97769323140005,1685.335670508693,59.61535972498037,272.6625144765595,1726.0763702940958
19,29.10856051115061,-268.7812792918321,-40.074441441482755,-253.92463811269482,1683.787984625226,65.84031109207382,274.00789067879884,1720.4333938714333
20,27.94546106814881,-269.9976493347687,-38.41019785296878,-228.71957533527092,1678.3589268555206,72.70485480644044,274.9362062324667,1711.386989129231
21,26.734561277502202,-270.8440627393953,-36.526604662463235,-200.28778546555415,1669.250126229201,79.94490898201238,275.47340539608314,1699.0923696340344
22,25.493297249316907,-271.3456837641069,-34.46263771459989,-169.55573824394537,1656.705068954204,87.30889552249229,275.6500879546303,1683.746673110873
23,24.240064358788242,-271.5314372200635,-32.25970339094286,-137.42894724159066,1641.0052154969412,94.56239110206701,275.5007684219847,1665.586082901464
24,22.99395561645731,-271.4332693677338,-29.96079679764453,-104.77133532421834,1622.4655336641204,101.49169617902369,275.063033566805,1644.8822464880075
25,21.77447195881317,-271.0853360137183,-27.609609183318664,-72.38671523267045,1601.4295374474852,107.9063215155914,274.3766262764905,1621.938071704314
26,20.60120257718483,-270.52314660031794,-25.249607146291815,-41.00288313546134,1578.2639254064338,113.64044789329574,273.48248639623677,1597.0829844954326
27,19.49347561758136,-269.7826941480572,-22.92310857487372,-11.258699548362904,1553.352914956836,118.55346208684996,272.4217804252561,1570.6677361643308
28,18.469982914601744,-268.8996005447113,-20.670381605822307,16.3056006949618,1527.0923707236716,122.5297083480958,271.2349517458098,1543.0588535222764
29,17.548386259631055,-267.90830489187607,-18.528793203084806,41.25476185478953,1499.883826455324,125.47761816304084,269.96082137559335,1514.632831959447
30,16.744916139465335,-266.8413196038544,-16.532033312327272,63.261544726013334,1472.1285009101346,127.32839130680573,268.6357661893275,1485.770178247678
31,16.073976333966304,-265.7285750756039,-14.709438752651668,82.10658485358269,1444.2214083504198,128.0343986776174,267.2929974845794,1456.849415656191
32,15.54776919604449,-264.5968694438698,-13.085437832464043,97.67530758232705,1416.5456633872986,127.56746348679746,265.9619581364867,1428.2411675326755
33,15.175957022413066,-263.4694355501224,-11.679132241628732,109.95221558359933,1389.4670774032118,125.91715434609101,264.66785174728744,1400.302435950791
34,14.965374713935763,-262.3656327314967,-10.504027534617013,119.0129230798011,1363.3291391368248,123.08919427231244,263.43131226224995,1373.3711887510794
35,14.919807898863082,-261.30076656002893,-9.56791792922556,125.01434872836188,1338.4484649128199,119.10405635555324,262.2682175720347,1347.761361117297
36,15.039848853157658,-260.2860353562324,-8.872925485951859,128.18349730318405,1315.1107944282576,113.99578249393281,261.18964590447,1323.758367024665
37,15.32283990856647,-259.32859852055503,-8.415688248143606,128.80526097950147,1293.5675962662756,107.81102877528244,260.2019696307214,1301.6152021394628
38,15.762910635994787,-258.4317585746994,-8.187686926480525,127.20965679080733,1274.033333809007,100.60831215644097,259.3070775879834,1281.5492038354573
39,16.351111090341245,-257.5952462195051,-8.175695490592673,123.7588906311762,1256.6834273444922,92.45741000240317,258.50271408361067,1263.7395166538377
40,17.075639042339443,-256.8155956252493,-8.362337697038832,118.83460301571462,1241.6529322819156,83.43884816229226,257.78292031891016,1248.3252934328766
41,17.922154626989638,-256.08659555955,-8.726729115035745,112.82561042607412,1229.0359369634937,73.64340528431126,257.13856203940963,1235.4046441280802
42,18.87417144319008,-255.39980080900523,-9.245182601163803,106.11641088024248,1218.8856671279736,63.17156102468957,256.55792576619245,1225.0343266625543
43,19.913509165768488,-254.74508760787467,-9.891954403755282,99.07667563685519,1211.2152681640475,52.13282296935544,256.0273649414207,1217.230157487311
44,21.020789543917925,-254.11123637418234,-10.64000800555804,92.05190288085308,1205.9992213537073,40.64488006701965,255.53197666615108,1211.9681042156603
45,22.175955558313532,-253.48652490081744,-11.46177323527783,85.35536591288785,1203.1753368439608,28.832547355797125,255.0562893688897,1209.1860090148857
46,23.35879267311687,-252.859315229493,-12.329879010963793,79.26144949409678,1202.647254763787,16.826485877041435,254.58494172138734,1208.7858798387601
47,24.54943162218386,-252.21861777684694,-13.217839434958421,74.00043460469347,1204.2873775033077,4.761701221546153,254.10333348309038,1210.636677672609
48,25.728813959241453,-251.55461692985762,-14.10067503735635,69.7547639537868,1207.9401513665714,-7.2241573122014024,253.5982297898686,1214.5775222965585
49,26.87910445701368,-250.85914329481372,-14.955453820131794,66.6567969967572,1213.425614925305,-18.992658758112682,253.05830172592974,1220.4212369200163
50,27.984038034725373,-250.1260790430625,-15.761740203193717,64.78804199699593,1220.5431343166733,-30.406562803668727,252.47458777591945,1227.9581532726709
51,29.029192932421413,-249.3516843155115,-16.501943750994126,64.17983148804605,1229.0752519225568,-41.331843075269745,251.8408628775364,1236.9601028887998
52,30.002186072960736,-248.53483443307485,-17.161563534122724,64.81538419644022,1238.7915835168333,-51.63969838989719,251.15390425667687,1247.184526687832
53,30.892790650832712,-247.67715978190947,-17.729328111228405,66.63316956917703,1249.4527090037045,-61.20848997808636,250.41364605337037,1258.378642627858
54,31.692979627196543,-246.78308279608333,-18.19723521818118,69.53146008012818,1260.8140120865344,-69.92554800775385,249.62321796632003,1270.2836191339502
55,32.39690174959128,-245.85974948146765,-18.560498963216414,73.3739223373337,1272.6294334507413,-77.68879970134145,248.78886672049774,1282.6387091171298
56,33.00079889656772,-244.91685636188237,-18.817415287999225,77.99606277546386,1284.6551094125193,-84.40818291153269,247.91976300288547,1295.1853048010512
57,33.50287508764825,-243.96637748728315,-18.969158417373247,83.21231039961185,1296.6528729233278,-90.00682192870411,247.02770051859554,1307.670876650704
58,33.90312853087112,-243.02220007484704,-19.01952187130869,88.8234911175054,1308.3935961267503,-94.42195521505697,246.1266978591168,1319.8527602127062
59,34.203158568563914,-242.099681192035,-18.97461738657438,94.62442909173946,1319.6603534339674,-97.60561650693472,245.23251768847092,1331.501752802914
60,34.40595913572974,-241.21514129965422,-18.842543951144922,100.4114031712963,1330.2513816504415,-99.52508036334312,244.36212100063312,1342.4054782982712
61,34.51570929035068,-240.38531321631825,-18.63303736399506,105.98919277470664,1339.9828095894145,-100.16309017539977,243.53307665796598,1352.371473745536
62,34.53756973423824,-239.62676708760034,-18.357108722636692,111.17746824694801,1348.691124568284,-99.5178906722952,242.76294808135663,1361.2299472466632
63,34.47749235135022,-238.95533321446788,-18.02667848429186,115.81631488475308,1356.2353380930028,-97.60308812377544,242.06867986701383,1368.836153818302
64,34.34204785025894,-238.3855449516848,-17.65421154408065,119.77072532356928,1362.4988089405076,-94.44735993657932,241.46600713370464,1375.0723357325382
65,34.1382746934313,-237.93012313647597,-17.252358215551922,122.93394849491658,1367.3906798712123,-90.09403149075595,240.96890938849057,1379.8491770520588
66,33.87355068600445,-237.59952164341868,-16.833606074657773,125.22964087942893,1370.8468853719064,-84.60053243035564,240.58912864172459,1383.1067291351758
67,33.555486924698116,-237.40155083195816,-16.409948203651673,126.61282310119748,1372.830692863467,-78.03773803908182,240.3357685462036,1384.8147748308347
68,33.19184234871386,-237.3410920089146,-15.99257415599234,127.06969816666408,1373.3327489141425,-70.4891947105361,240.21498761540045,1384.9726134673365
69,32.79045602788444,-237.41991174986137,-15.591590681274782,126.61643362852038,1372.3706147793719,-62.05022271982368,240.22979526483192,1383.6082656756607
70,32.359193665421685,-237.63658032045436,-15.215779768680692,125.29704623085087,1369.9877911123385,-52.82688530369443,240.37995482836124,1380.7771153789738
71,31.905904526872014,-237.98649387344784,-14.872401774310406,123.18055265407855,1366.2522486824746,-42.93481116879746,240.66199317133254,1376.5600246040442
72,31.438384966481692,-238.46199584829523,-14.567051066337045,120.35756327745541,1361.2544989882022,-32.497858477396036,241.06931229636567,1371.0609738490516
73,30.964344754986843,-239.05258928301592,-14.303570500722453,116.93649775279798,1355.1052543455817,-21.646612254528012,241.592394597041,1364.4042954081708
74,30.491372465374955,-239.74522877218197,-14.084029017303243,113.03959275656338,1347.9327401023045,-10.516713760116478,242.21909036053125,1356.7315783065394
75,30.026896293476074,-240.52467872890242,-13.908763812824212,108.79885539005232,1339.879731098935,0.7529709367389446,242.93497392756464,1348.198330627978
76,29.578136969096636,-241.3739234672519,-13.776485153755011,104.35209276153817,1331.1003898451215,12.022326008668049,243.72375364908584,1338.9704877037127
77,29.15204990335419,-242.27461431193967,-13.684438277080405,99.83912211718545,1321.7569850156942,23.15207716380404,244.5677203522758,1329.2208529575173
78,28.75525437882581,-243.20753927785108,-13.628613365841339,95.39823934269504,1312.0165661302449,34.005962269083966,245.44821926500524,1319.1255526333714
79,28.393948347314343,-244.15310165977058,-13.603991640218583,91.16299922883246,1302.0476643774539,44.45293636096958,246.34613106665444,1308.8605770011188
80,28.07380830851985,-245.091794982672,-13.604813492858442,87.2593403670522,1292.0170815181386,54.36936019736871,247.2423488072584,1298.598470094733
81,27.799874989025167,-246.00466305598488,-13.624853544166212,83.80307188086344,1282.0868198382746,63.641118118013644,248.11823877737285,1288.5052188876225
82,27.576427184537756,-246.87373525679538,-13.657687556816457,80.89772865715265,1272.4111973646684,72.16561025334464,248.95607494257538,1278.7373822848251
83,27.406847938263112,-247.68242857186996,-13.696937220126522,78.6327959797781,1263.1341849228488,79.85356594554567,249.73943818709358,1269.4394913930375
84,27.293488887611,-248.41590926635632,-13.736480733196375,77.08230261648981,1254.3869956845829,86.63062933629486,250.4535732088879,1260.7417457976608
85,27.237539941125455,-249.0614082052204,-13.77061974708853,76.30378223848616,1246.285953764381,92.43867406914782,251.08569733814264,1252.758026128943
86,27.238912339112506,-249.60848476253213,-13.794196412897383,76.33760525637773,1238.9306658852224,97.23681151445886,251.62525672584113,1245.5842406594036
87,27.29614347167094,-250.04923493130173,-13.802657780440894,77.20668553590055,1232.4025185064772,101.00206534262294,252.06412625614854,1239.2970223021748
88,27.40633152211012,-250.37843980857537,-13.7920683318815,78.91656787700983,1226.7635212705266,103.72969418658225,252.39675026441057,1233.9527912454346
89,27.565107180436623,-250.5936512343122,-13.759074829286474,81.45590150846131,1222.0555153293615,105.43315327864532,252.62022184549335,1229.5871966154227
90,27.766648492136824,-250.69521209878837,-13.700830796866788,84.79730125919508,1218.2997613236118,106.14369519752225,252.7342993153872,1226.2149471970727
91,28.003743444093274,-250.6862097188846,-13.61489069095031,88.89859097109354,1215.4969160435476,105.90961904950461,252.74135925837976,1223.8300358305041
92,28.267903140404215,-250.5723617287028,-13.499085852125495,93.7044129973044,1213.6273990715306,104.7951862179423,252.64628654621188,1222.4063545458753
93,28.549526412516798,-250.3618351352181,-13.351395373292213,99.14817363032186,1212.6521414413373,102.87922887029488,252.45630274180053,1221.8986881926774
94,28.83811449843257,-250.06500056158438,-13.169824881429488,105.15427789343845,1212.5136983913853,100.25348440864312,252.1807354081048,1222.2440640647822
95,29.122532050447354,-249.69412531968806,-12.95230497128075,111.64058970896829,1213.1376986344135,97.0206948253823,251.8307321288121,1223.3634248185053
96,29.391308261115025,-249.26301091558577,-12.696618901394428,118.52103683940877,1214.4345941340628,93.29251444801312,251.41892463241288,1225.1635827984144
97,29.632969523858964,-248.78658286446802,-12.400366517576574,125.708266192526,1216.3016678472457,89.1872728798237,250.95905029661614,1227.5394065183636
98,29.836393001007806,-248.28044311033906,-12.06096849531647,133.1162460233087,1218.6252526223839,84.82764216971118,250.46554036363258,1230.376185038784
99,29.99116887891901,-247.76039769858244,-11.675712029842526,140.66270881218654,1221.2831124929749,80.33825849237641,249.9530862259046,1233.5521136257435
100,30.08795794286372,-247.2419743928565,-11.241836107283087,148.27133306011856,1224.1469377867395,75.84334898401481,249.43619690820728,1236.9408444301612
101,30.118830429753622,-246.73994638525377,-10.756651610761962,155.87357403655182,1227.0849073939492,71.46441387228928,248.92876211389955,1240.414048793946
102,30.07757208916998,-246.2678789062849,-10.217689052998644,163.41007196810253,1229.964274633815,67.31801254302349,248.44363574232997,1243.8439426933583
103,29.95994421031012,-245.83771533812063,-9.622864973171598,170.83158984825684,1232.6539367611895,63.51369947054884,247.99225459932728,1247.1057330463002
104,29.763886072775716,-245.45941843802152,-8.970657088210146,178.099459909216,1235.0269516566882,60.15215178334456,247.5843061913771,1250.0799493051768
105,29.489650648646858,-245.14068059513642,-8.260278095903823,185.1855452612107,1236.9629681813828,57.32352454520871,247.22745810033672,1252.6546311033276
106,29.139867176159875,-244.8867147666793,-7.491838525477353,192.0717485613949,1238.3505387736295,55.1060626786464,246.9271595422739,1254.7273480063027
107,28.71952727521207,-244.70013494362783,-6.666490125133188,198.7491204964225,1239.08928406081,53.564990097089165,246.68652336885597,1256.2070311906746
108,28.235894419198956,-244.5809317423117,-5.786542770492178,205.21663591004136,1239.0918797372904,52.75168747623151,246.5062939964878,1257.0155990803846
109,27.69833957703956,-244.52654508808374,-4.855549563364103,211.47971420859884,1238.2858360759244,52.70316072618477,246.3849035771463,1257.0893599178025
110,27.118108456310807,-244.53203209946366,-3.878356535266395,217.54856372022996,1236.615040571592,53.441793196172576,246.31861525830422,1256.3801744024693
111,26.50802789468935,-244.59032441121076,-2.8611150616516383,223.43642794569598,1234.041034683578,54.975366491364895,246.30174880891718,1254.8563613772872
112,25.882160578092545,-244.69256552586123,-1.8112566052952601,229.1578062847478,1230.5439967606437,57.297327959543296,246.32698044515465,1252.5033295670335
113,25.25541850029069,-244.82851553935348,-0.7374307079707785,234.72671398061755,1226.1234053514445,60.38727771524912,246.38570557119118,1249.3239190893391
114,24.643146524134774,-244.98700785668777,0.3505916843302982,240.15503666521357,1220.7983605603633,64.21164464806992,246.4684504875143,1245.3384383300283
115,24.06068813151465,-245.1564403863398,1.4420464355957254,245.4510248713429,1214.6075461278845,68.72451922175574,246.565317017339,1240.5843851428008
116,23.52294593539828,-245.32528228054753,2.5253320834230055,250.61796416656284,1207.6088215679576,73.8686109334719,246.66644256743442,1235.1158464141602
117,23.043949621368895,-245.48257663091096,3.5881891415861995,255.6530483196849,1199.8784418844734,79.57629991719247,246.76245742114745,1229.002576924675
118,22.63644353827772,-245.61841958543877,4.617898752398683,260.54647727461855,1191.5099117919713,85.77075513026688,246.84492100160662,1222.3287670256175
119,22.31150521430037,-245.72439700381864,5.601497017731836,265.28079933821016,1182.6124914135607,92.36709557590177,246.90671933370658,1215.191518512825
120,22.0782048444998,-245.7939609401651,6.526001875947487,269.83051772206005,1173.3093803860247,99.27357573056318,246.9424069279946,1207.699058479538
121,21.943314442759647,-245.82273000259073,7.378649901174256,274.16198434516537,1163.7356164129894,106.3927813888978,246.94847789197243,1199.9687309241394
122,21.911073945487857,-245.8087001398994,8.14714073639375,278.23360680629037,1154.035731943953,113.62282720567372,246.9235534031187,1192.1248144929662
123,21.983020173886597,-245.7523557257818,8.819886866096942,281.9963954816966,1144.3612184045494,120.85855209378522,246.86847583342438,1184.2962210784276
124,22.157883247235397,-245.65667482907816,9.386265946627937,285.39487466886885,1134.8678510392438,127.9927131574247,246.78630367589102,1176.61413338758
125,22.431553672978996,-245.527026980357,9.836871919608381,288.36837304478803,1125.71292882197,134.91718281859323,246.6822056849959,1169.2096395811498
126,22.797121744422643,-245.37096624249554,10.163759783751297,290.85269394707694,1117.0524829584438,141.52415700574267,246.56325696661003,1162.2114194546693
127,23.244989055046467,-245.19792669708502,10.360677486220975,292.78214582549407,1109.0385043143287,147.70738439623221,246.43814387333342,1155.7435295707303
128,23.763050080279452,-245.01883134333974,10.423277278439985,294.09188934178843,1101.8162350494438,153.3634273541412,246.31678827454624,1149.9233249293836
129,24.33694007497824,-244.845628724789,10.349298392977323,294.72053229435767,1095.5215635729069,158.39296406622822,246.20990495517134,1144.8595433231653
130,24.95034406313196,-244.6907743797674,10.138713182471667,294.6128793120631,1090.2785555942999,162.70213832323444,246.12850859372932,1140.6505668570824
131,25.585360422442704,-244.56667656346846,9.793829741511937,293.72272255375833,1086.1971483870734,166.20395846656166,246.08338907666618,1137.3828645759427
132,26.22291140593023,-244.485127552175,9.319345114807426,292.0155446048602,1083.3710309893659,168.81974037601557,246.08457573643798,1135.129611815193
133,26.84319181639432,-244.45674295129524,8.722344224307678,289.4709969497935,1081.875730217266,170.4805812983122,246.14081217555164,1133.9494764932092
134,27.426145926950692,-244.49043153973724,8.012240746900666,286.08501770426886,1081.7669210568583,171.12884229213347,246.25906341732681,1133.8855604431271
135,27.951961684881006,-244.59291723695324,7.2006576516895295,281.8714609133296,1083.0789800056893,170.71960774066048,246.44407617255996,1134.964485027186
136,28.401570418229593,-244.7683329470239,6.301247027227929,276.8631261794454,1085.8238008354165,169.22208143571842,246.69801121439707,1137.1956142941324
137,28.757139888771004,-245.01790363114367,5.329450910075789,271.1121005643183,1089.989893526341,166.6208708041772,247.02016452221955,1140.5704151158213
138,29.002548693145066,-245.33973322523474,4.302206736027701,264.68935302604393,1095.5417882815398,162.91710454373904,247.40679121726524,1145.0619611921315
139,29.123830603722542,-245.72870695469356,3.237602613142926,257.6835532759754,1102.4197671748184,158.12932486829635,247.85104335418876,1150.6245956543821
140,29.109578259290654,-246.17651707108507,2.1544888333484487,250.19911993096085,1110.5399458550485,152.29409424439416,248.34302920284662,1157.193774391214
141,28.951296519629583,-246.67181598531036,1.0720529604104803,242.35353526746545,1119.7947266552053,145.4662582528207,248.86999768089328,1164.6861184173588
142,28.643696719271833,-247.20049624594498,0.00936656966951661,234.2739940021744,1130.053642435189,137.71881118137566,249.41664712339445,1172.9997080743287
143,28.184923950225215,-247.74609190665967,-1.015087633198165,226.09348002536018,1141.164607771615,129.14231920814092,249.96555269344427,1182.0146544693644
144,27.57671038438085,-248.29029069553098,-1.9838988654820988,217.94638733816186,1152.955591104381,119.84386757131838,250.49770160319736,1191.5939846000801
145,26.824448563847692,-248.8135412337617,-2.8812109656564013,209.96381990651219,1165.2367183714687,109.9455128499164,250.99312012904588,1201.5848764099464
146,25.937179527356655,-249.2957345344464,-3.6931925683418356,202.26872072812017,1177.8028151148023,99.58223920639446,251.43157134983775,1211.8202784817724
147,24.927491579300064,-249.7169344233876,-4.408480537847763,194.97099422081595,1190.4363889023518,88.89943785585638,251.7932978841306,1222.1209454137474
148,23.81132656167791,-250.05812787384636,-5.01858044659867,188.16279859924202,1202.9110456770075,78.04995156430937,252.05978016629868,1232.2979127912104
149,22.607691859786456,-250.3019640852518,-5.518206432028701,181.91419562059062,1214.9953210178596,67.19074965076118,252.2144785521917,1242.1554236436539
150,21.33827817716139,-250.43345067934058,-5.905542200356795,176.26935216893665,1226.456889720897,56.47932235472474,252.2435270231274,1251.4943004042457
151,20.02698539748239,-250.4405764643038,-6.182405535954163,171.24348897817765,1237.0670949461335,46.06990492316686,252.13634732033998,1260.11573257019
152,18.69936166602835,-250.31483260464296,-6.354300755070464,166.82076341643344,1246.6057127142872,36.10965980982009,251.8861548129244,1267.8254214517347
153,17.38196416747749,-250.05160776150095,-6.430347444261069,162.9532530063141,1254.865840818898,26.734958504041384,251.49033135242448,1274.4379916280336
154,16.10165378299599,-249.65043802512005,-6.4230795378687695,159.56117248089507,1261.6587758271005,18.067911353093965,250.95064598499417,1279.7815469061907
155,14.884839582253756,-249.11509920797627,-6.348115722704073,156.5344093969296,1266.8187205248057,10.213293163496768,250.27331157703858,1283.7022200524762
156,13.75669260072276,-248.45353681101156,-6.223709323944799,153.7354032089374,1270.2071495086982,3.2560036114305686,249.46887357169936,1286.0685436011634
157,12.740351218025367,-247.6776369510738,-6.070192309720894,151.00332368997195,1271.7166547999036,-2.740815650317663,248.55193537726134,1286.7754563630247
158,11.85614243990734,-246.8028490360889,-5.909333313493466,148.15943165224468,1271.2740978298673,-7.7369103800198715,247.54073254374805,1285.7477586319214
159,11.120844462322689,-245.84767753242144,-5.7636334007347605,145.01343398207322,1268.842909518297,-11.715224679687587,246.45657445824907,1282.9428391837262
160,10.547016147712036,-244.83306561164463,-5.6555856423611015,141.3705821105224,1264.4244060942046,-14.681365428033116,245.32317764625301,1278.352518620039
161,10.142418456250908,-243.781697806803,-5.606925421131341,137.03921357682603,1258.0580236697879,-16.66223207366447,244.16591895958575,1272.0038853386584
162,9.909551311866862,-242.71725202551502,-5.63789789285458,131.8384043281473,1249.8204175872104,-17.70386445014626,243.01103996730384,1263.9590408387064
163,9.845326758731613,-241.66363314692381,-5.766567381546441,125.60538709349757,1239.8234209307827,-17.868600916757636,241.88483555948423,1254.3137182281541
164,9.940895625651844,-240.6442207121789,-6.008191069530643,118.20239898439448,1228.2109076308288,-17.23167553575953,240.81285988957802,1243.1947893149559
165,10.181640370773088,-239.6811618687253,-6.374676537263841,109.52264814506748,1215.1546562754265,-15.877413973280618,239.81918129951958,1230.7567286899553
166,10.547341461882962,-238.79473798017457,-6.874139734393598,99.49513225580036,1200.8493579043293,-13.895211091795613,238.92571503188594,1217.1771545025138
167,11.012518797219807,-238.00282943581254,-7.510576786003613,88.08809771223791,1185.5069515171785,-11.375486691966048,238.15165860166036,1202.6516117667074
168,11.546943674507611,-237.32049836724536,-8.283659505924328,75.31099380318092,1169.3505020089185,-8.405817961759217,237.51304984516824,1187.3878018550006
169,12.116311085918563,-236.75970341042495,-9.188660584720969,61.21484750810911,1152.6078548147623,-5.067437129020223,237.02246207424997,1171.5994889090628
170,12.683056922196082,-236.32915460718291,-10.216510326029375,45.891057830239525,1135.5053088858674,-1.4322608983665093,236.68884469167247,1155.500328788417
171,13.207300123197859,-236.03431024592544,-11.353982775971387,29.468679988168148,1118.2615449821476,2.4394140373868636,236.51751128518558,1139.2978684056313
172,13.647885978376154,-235.87751110048922,-12.584005341535796,12.110335551698153,1101.0820307086121,6.500455270513938,236.5102708157412,1123.1879531186944
173,13.963503678154968,-235.8582414141403,-13.886082683032432,-5.993058531235211,1084.15409867644,10.71762941618647,236.66569132786648,1107.3497580200165
174,14.113848762268178,-235.97350036972878,-15.236822883688133,-24.62850350025537,1067.6428611572003,15.071524173263251,236.97947991749672,1091.941626598913
175,14.06079918937634,-236.2182628608398,-16.610551621000273,-43.567803566364915,1051.6880851850397,19.555699184746402,237.4449576698782,1077.0978589393185
176,13.769572364347692,-236.58600423158612,-17.979998129416522,-62.57483101138581,1036.4021080548857,24.175147934848933,238.05360402691826,1062.926543566175
177,13.209829741963144,-237.06926040283503,-19.317034933380544,-81.41287450097583,1021.8688267169364,28.94418800201929,238.79564167846692,1049.5084751262514
178,12.356695720894521,-237.66019264602159,-20.593451467322804,-99.85178003414617,1008.1437480453131,33.88392479444445,239.6606307891462,1036.89714749158
179,11.191658483786043,-238.35112543958024,-21.781739703121314,-117.67461200979749,995.2550427026972,39.01945302641242,240.63804040099706,1025.1197617941882
180,9.703322204361054,-239.1350264972023,-22.85586785732208,-134.68358988670926,983.2055054186754,44.376969655499984,241.71776533891233,1014.1791441725879
181,7.887982691545847,-240.00590018942611,-23.792016474274337,-150.705092154447,971.9752905774649,49.98097137089197,242.89055890875116,1004.0564308531492
182,5.7500022524740375,-240.95906912337642,-24.5692502106233,-165.59356230402486,961.5252651378069,55.851699188116015,244.14835510127713,994.7143500873761
183,3.301964519371665,-241.991323564815,-25.170099077700357,-179.23419996707005,951.80080165272,62.00297306813326,245.48445893536976,986.100912231515
184,0.5645962701027082,-243.10092467755751,-25.581025213541462,-191.54437329481965,942.7358227636753,68.44053214703757,246.89359005312502,978.1533111643472
185,-2.4335492426048493,-244.28745517419225,-25.792755612441365,-202.47374464844546,934.2569050952533,75.16096301610803,248.3717726918648,970.8018421143875
186,-5.656644568229582,-245.55151972251812,-25.800467314486774,-212.00315885105587,926.2872550522624,82.15126168298593,249.91607444153263,963.9736522665871
187,-9.0623642593313,-246.89430686377307,-25.60381867651912,-220.1423989839211,918.7503818353158,89.38903664912365,251.5242061474535,957.5961604922735
188,-12.602864614133848,-248.3170335236497,-25.20682783613407,-226.92696585025462,911.5733142874368,96.84332319510246,253.1940050537344,951.6000102891741
189,-16.225938493734144,-249.82030160376655,-24.617606843941765,-232.41408055673455,904.6892377997692,104.47594445359135,254.92283187321462,945.9214542890417
190,-19.876309721079647,-251.4034029747095,-23.847966751155994,-236.67814247212823,898.039464390358,112.24332477435313,256.70691920068595,940.5041077039047
191,-23.497025925580882,-253.0636140661225,-22.91291480403101,-239.80589545120986,891.574691126382,120.09863656823548,258.5407131468151,935.3000495088796
192,-27.030904616903175,-254.79552391836052,-21.830069537377906,-241.8915631930033,885.2555463307089,127.99414440908185,260.41625204432836,930.2702913053676
193,-30.421984877216588,-256.59043976445315,-20.61902277806787,-243.03221036028768,879.0524661202082,135.88360060815708,262.32262539322124,925.3846718854985
194,-33.61693658764677,-258.43591170634505,-19.30067914142423,-243.32357040228675,872.9449825096283,143.7245453427521,264.24555276110027,920.6212679862666
195,-36.56638092078891,-260.31541278397265,-17.89660335898395,-242.85655459655075,866.9205358950625,151.48037188648883,266.16711627506436,915.9654365874441
196,-39.22608016642101,-262.20820300772755,-16.428403729008448,-241.71462019353294,860.9729472493701,159.12203324489215,268.0656721306014,911.4086200130807
197,-41.557961540995066,-264.0893964154534,-14.917176311623077,-239.97212934587535,855.1006975304773,166.62928968144956,269.9159569909778,906.94705122466
198,-43.53094765092467,-265.93023982671707,-13.383029513982608,-237.6937759123054,849.3051630033821,173.99142579590483,271.68939511490254,902.5804927411411
199,-45.121574760076136,-267.69860148618153,-11.844702896824927,-234.93509631564532,843.5889456451056,181.20739908021892,273.35460217454914,898.3111289380196
200,-46.3143882314177,-269.3596576717118,-10.319287926105108,-231.74401646434092,837.9544188150705,188.28541695151029,274.8780723292922,894.1427092081865
201,-47.10211212140203,-270.8767558768222,-8.82205243698704,-228.16332309560903,832.4025821966336,195.24197367262937,276.2250264011192,890.0800105310209
202,-47.48559682379455,-272.21242473533925,-7.3663650257798805,-224.2338886889848,826.9322895557494,202.10040999974098,277.3603912865669,886.1286549001734
203,-47.47355495186395,-273.32949387766644,-5.9637105569020346,-219.9984277992122,821.5398810987039,208.88908503800516,278.24987446103864,882.2952825411425
204,-47.08210141239579,-274.1922817120814,-4.623783593441558,-215.50552198849093,816.2192216114338,215.6392704227971,278.86109290113853,878.5880484118298
205,-46.33411887459639,-274.76780587305757,-3.3546430922703037,-210.8136225845149,810.9621177786637,222.38289073794402,279.16471311794174,875.0173790949049
206,-45.2584744177982,-275.0269698237308,-2.1629095318831624,-205.99472701698426,805.7590640034831,229.1502404143159,279.13555827167204,871.5969013461935
207,-43.889116777798804,-274.94567977447025,-1.0539851029960539,-201.13742715580565,800.60024608869,235.9678058495865,278.7536394077606,868.3444335321708
208,-42.26408603391524,-274.5058485198106,-0.03227878317195898,-196.34904834678784,795.4767165815585,242.85631215262535,278.0050705141132,865.2829182925809
209,-40.424468626610285,-273.6962468200587,0.8985792051473732,-191.7566365329702,790.3816449079588,249.82909721050632,276.88283115397394,862.4411704534629
210,-38.413330275603435,-272.51316840674025,1.7355454018034246,-187.50660756784146,785.311540475159,256.89089266642776,275.3873457319828,859.8543198638637
211,-36.27465786786279,-270.9608814323284,2.4760014603155938,-183.76294546897995,780.2673487302561,264.0370633674578,273.52685489303616,857.5638452009381
212,-34.052339006514785,-269.0518470231264,3.1176271127017663,-180.70392093449863,775.2553294286851,271.2533259771493,271.31756198572407,855.617121428951
213,-31.78920500202671,-266.8066941923416,3.6583092467738405,-178.51739240406863,770.2876428986785,278.5159364235137,268.7835456536717,854.0664385046838
214,-29.526159959037567,-264.25394922724,4.0960867291660135,-177.39484295476169,765.3825924632736,285.79230757392867,265.9564379950228,852.9674887043196
215,-27.3014153949731,-261.4295262535351,4.429129370123986,-177.5243910545875,760.5644969478853,293.04199550458304,262.8748758581008,852.3773604505592
216,-25.149846407740657,-258.3759936636808,4.655748504263492,-179.08308590923636,755.8631934962192,300.21797656509057,259.58374038685537,852.3521136844366
217,-23.102481596441624,-255.14163837939037,4.774435917916331,-182.2288540241939,751.3131951573666,307.268128688776,256.1332067923849,852.944042460276
218,-21.186134617321297,-251.7793564507726,4.7839273388173265,-187.0924990259162,746.9525480355067,314.1368287515549,252.57763245564047,854.1987526631443
219,-19.423180412432227,-248.3454040510518,4.683286501309813,-193.77016935817792,742.8214482206502,320.76658232544895,248.97431664598028,856.152196046936
220,-17.83147387379722,-244.89804714513082,4.472005842541994,-202.31669707149868,738.9606889837056,327.09961164249944,245.38216901979024,858.8278067199236
221,-16.42440329028358,-241.49615074075948,4.150119962645948,-212.74017582054725,735.4100139872256,333.0793405285636,241.8603264037867,862.2338838330771
222,-15.211065894259667,-238.19774972856587,3.7183279134000635,-224.99808929597467,732.2064528789242,338.65172997395916,238.46675823687164,866.3613556359777
223,-14.196548721868574,-235.05864312579112,3.178120100733509,-238.9952263186248,729.3827120474909,343.7664334738824,235.25690069411468,871.1820460613841
224,-13.382295058881303,-232.13105217640182,2.531905123402923,-254.5835308352982,726.9656861138048,348.377756123857,232.28235806495766,876.6475460460101
225,-12.766534889726682,-229.46238015016974,1.7831313294449187,-271.56394002155974,724.975145671199,352.4454147460077,229.58970732458485,882.6887681301226
226,-12.344756855343126,-227.09410777978704,0.9363974286392714,-289.6901677351661,723.4226448094639,355.9351072828887,227.2194379739573,889.2162347817285
227,-12.110199160328044,-225.06085321372004,-0.002453681177084601,-308.6742994420047,722.3106790408978,358.81890782059816,225.2050542631516,896.1211190025081
228,-12.05433763167924,-223.38961942600918,-1.0262635645348082,-328.1939835087355,721.632111278527,361.07550873374856,223.57236113787124,903.2770213198065
229,-12.167350781879694,-222.0992455867736,-2.1265146002680493,-347.90093648285625,721.3698712162275,362.69033367229645,222.33894904103065,910.542432084957
230,-12.438544298959881,-221.2000723471122,-3.2933185212337843,-367.4304294997181,721.4969223697634,363.6555446261145,221.51388645152076,917.7637943304906
231,-12.85672074378359,-220.69382462991513,-4.515440684245582,-386.4113907449724,721.976481535969,363.9699634452031,221.09762303906402,924.7790526666962
232,-13.410484117544849,-220.57370955781377,-5.780362573266034,-404.4767450828461,722.7624677949282,363.63892357661166,221.08210074608795,931.4215500416902
233,-14.088473090672816,-220.82472176133084,-7.074383984597438,-421.27361545547654,723.8001526819172,362.67406222121707,221.45106511681348,937.5241183985718
234,-14.879520791078564,-221.42414354581786,-8.382765246068715,-436.47302944542906,725.0269800537872,361.09305736309756,222.18056480468908,942.9232023244526
235,-15.772742857389858,-222.3422231410209,-9.6899085861342,-449.7788058281149,726.3735236334016,358.91930870671365,223.23962326019932,947.4628567797048
236,-16.757558718767097,-223.5430104064615,-10.979576355611334,-460.93533708790227,727.764552183833,356.18155689140787,224.59106300234828,950.9984701988424
237,-17.823653620115852,-224.9853259971984,-12.235142326076918,-469.7340318591715,729.120176428566,352.91343190797795,226.19245967631352,953.400081428705
238,-18.960890793545772,-226.62383726041796,-13.439870951574143,-476.0182336405254,730.3570576611413,349.1529198823068,227.99720045843105,954.5551816837585
239,-20.15918459980218,-228.41021205429377,-14.577218424786665,-479.6864871630912,731.3896647913532,344.9417376229619,229.95561933517186,954.3709195710996
240,-21.408346731042517,-230.29432016975073,-15.631148575748206,-480.69408037920806,732.1315735763783,340.3246066977608,232.016180300143,952.7756570403119
241,-22.69791880407688,-232.22545108907852,-16.58645605444512,-479.0528474508256,732.4968081420392,335.3484233683948,234.12667859062805,949.71985569708
242,-24.017005629020137,-234.15351661901602,-17.429088699362307,-474.82927565812673,732.4012297065364,330.0613273870994,236.23542988343948,945.1763050198434
243,-25.354123650625485,-236.03020778376498,-18.146460464891593,-468.14101589436217,731.7639797219191,324.51168103677423,238.29241813864613,939.1397350671335
244,-26.69707828706661,-237.81007742779042,-18.727745876582297,-459.15195102296497,730.508983560214,318.7469790669,240.2503746775805,931.625884337685
245,-28.03288231135943,-239.45152315296954,-19.16414697522373,-448.06602695670637,728.5665158320866,312.8127193038317,242.06576403538594,922.6701164548606
246,-29.347725398392278,-240.91764919694404,-19.44912426572496,-435.120095493161,725.8748194687653,306.7512717602336,243.69965587769855,912.3256954134646
247,-30.627002736408667,-242.1769903291767,-19.57858421876792,-420.5760531335808,722.3817585062808,300.6007903993679,245.11846651048478,900.6618369497315
248,-31.855408198874425,-243.2040855550757,-19.551017211992324,-404.7125838710348,718.0464702866947,294.39421591729507,246.294557990066,887.7616526164917
249,-33.01709487473429,-243.9798942253841,-19.36758134664049,-387.81682407768574,712.8409681043242,288.1584197001312,247.20668739002411,873.7200935968339
250,-34.095902674638324,-244.49205195144071,-19.032129248516327,-370.17626251475974,706.7516319516128,281.9135383627983,247.8403032910643,858.6419842661248
251,-35.07564936682079,-244.73496841711852,-18.551176639803455,-352.07116764321086,699.780514646414,275.6725450024368,248.18769091612998,842.6402129645359
252,-35.94047802882981,-244.70977360338284,-17.933813117655813,-333.76779899340545,691.9463845281339,269.4410974815984,248.2479714066259,825.8341218810011
253,-36.675250820422896,-244.42412294050604,-17.191557296930302,-315.51261211684886,683.2854248673057,263.2176955053659,248.02696440361427,808.3481119982289
254,-37.265976345000794,-243.8918753344032,-16.33816033897793,-297.52761142401084,673.8515145425166,256.99416685657394,247.5369262450395,790.3104551422722
255,-37.70025574447242,-243.13266074074525,-15.389363783587847,-280.00694628757213,663.7160245186444,250.75648923380854,246.7961785869758,771.8522853857503
256,-37.96773119382211,-242.1713558524349,-14.36261931990013,-263.1147872940241,652.9670799439493,244.4859385373407,245.82864398228347,753.1067278153807
257,-38.060519787320466,-241.03748746397164,-13.276779566045077,-246.98446494068747,641.7082574982558,238.16053822190656,244.66330586827345,734.208114580803
258,-37.973615969880626,-239.76458324737985,-12.151770063103418,-231.71880489890592,630.0567107683667,231.7567684220779,243.33361060724354,715.2912359485363
259,-37.705246535766,-238.38948912879263,-11.008253457515442,-217.3915536025906,618.1407414786917,225.25147866943635,241.87682878858408,696.4905769571226
260,-37.25716363237263,-236.9516712065147,-9.867297078911637,-204.04975577168875,606.0968598902208,218.6239347278779,240.3333919315633,677.9394970371792
261,-36.63486303518034,-235.4925181785933,-8.750054612686597,-191.71692121969357,594.0664021836468,211.85791893258497,238.74621898308476,659.769319350049
262,-35.84771704690876,-234.05465771360193,-7.677471184312825,-180.3968013062899,582.191794936152,204.9437950550028,237.16004472323584,642.1083074823529
263,-34.909013589253036,-232.68129743438635,-6.670019014939288,-170.0775851191566,570.6125759480065,197.8804437831182,235.6207596878044,625.0805186957925
264,-33.83589540822404,-231.4155984272657,-5.747468221604893,-160.73632150790124,559.4612959969338,190.67697399243661,234.1747687427421,608.8045346530708
265,-32.649195918322256,-230.30008653156273,-4.9286946692260125,-152.34337515035713,548.8594370716473,183.35411854129057,232.8683731293206,593.3920820642523
266,-31.37317108302768,-229.37610421880237,-4.231524260124004,-144.86673261369614,538.9134888428205,175.94523156020142,231.7471787604895,578.9465667119746
267,-30.0351296586502,-228.6833037265139,-3.6726109138440015,-138.27598756444962,529.7113262729464,168.49681691526263,230.85553183198073,565.5615544873656
268,-28.664966852687506,-228.2591802029391,-3.267343966884642,-132.54585255196102,521.3190271624806,161.06853406072312,230.2359812909026,553.3192420097154
269,-27.294608952071716,-228.1386418605018,-3.02977976410984,-127.65906773699759,513.7782589902542,153.73264694704866,229.92876628242445,542.2889666648534
270,-25.957378984917703,-228.35361262536398,-2.9725916270051127,-123.60860395637161,507.1043496826421,146.5729030841281,229.97132550666555,532.5258110323903
271,-24.687296158265973,-228.93266172762154,-3.1070321463876667,-120.39908770313592,501.28513722113115,139.68285244159307,230.39782471629252,524.0693593088037
272,-23.51832456185486,-229.9006542663611,-3.4429019249248816,-118.04740777049662,496.28066884854104,133.16363887331772,231.23869852610818,516.9426632267797
273,-22.483589081634424,-231.27841709721952,-3.9885194134137154,-116.58249606297316,492.0237928913302,127.12131939575129,232.5202033290919,511.15147194229655
274,-21.6145782414233,-233.08241548167467,-4.750687235579399,-116.04430697513993,488.4216558595135,121.66378780447938,234.2639794176355,506.68377418852236
275,-20.940354673221332,-235.32443774190816,-5.734651381100744,-116.48204949398938,485.3580856371591,116.8973973099867,236.48662231646526,503.5096915446765
276,-20.48679420974479,-238.0112874508408,-6.944050918375145,-117.9517528717892,482.69680959127,112.92339073556822,239.1992656424223,501.581749268617
277,-20.275874211545197,-241.14448517745194,-8.38085751917297,-120.51326985984129,480.28542586692294,109.8342555226767,242.40718026824445,500.835536787449
278,-20.325030612297194,-244.71998430711227,-10.04530616297809,-124.22684097858796,477.9600185226902,107.71012416936449,246.10939699685875,501.19075505082054
279,-20.64660140569365,-248.72790785226044,-11.935820719357968,-129.14935915323846,475.5502836880846,106.6153391838488,250.29836223802124,502.55263391637095
280,-21.247372220117192,-253.1523153712475,-14.04894019276724,-135.33048610589518,472.8850152977106,106.59529595710147,254.95963822807167,504.8136905150138
281,-22.128237466952072,-257.9710109844409,-16.379252732109503,-142.8087795989934,469.7977853647416,107.6736679753179,260.07166099553655,507.85578944454153
282,-23.283988350268974,-263.1554047963161,-18.919344796915457,-151.607993059558,466.132645032364,109.85010696434686,265.6055703145637,511.5524574018076
283,-24.70323674796266,-268.6704406101782,-21.6597721340378,-161.73370529221822,461.74966859574073,113.09849603129393,271.5251261038469,515.771398067472
284,-26.36848152160683,-274.4746026745009,-24.589057607142536,-173.17042711132112,456.5301634133604,117.36581709744837,277.7867251280219,520.3771475969563
285,-28.25632101187381,-280.5200135616917,-27.693718694909833,-185.879313330624,450.38137452767603,122.57167607878998,284.3395306658018,525.2338072725503
286,-30.337812137294897,-286.7526344414025,-30.958324925375944,-199.79658264800617,443.2405243291524,128.608511854316,291.1257263046409,530.2077881827377
287,-32.57897252174437,-293.11257814350387,-34.365582905587125,-214.83271521881858,435.07804489063125,135.34249901972535,298.0809033778583,535.1705033905585
288,-34.94141742961152,-299.5345444834625,-37.89644429413248,-230.87245971495338,425.8998834562475,142.61513981362108,305.13458978129796,540.0009457331166
289,-37.38311808788826,-305.9483861578783,-41.53023073153951,-247.7756411237155,415.7487894365237,150.24552704209944,312.2109259013808,544.5880937894974
290,-39.85926248731732,-312.27981188157156,-45.24477032537838,-265.37872123557577,404.7045232107979,158.03324709596674,319.2294910939264,548.8330943556226
291,-42.32319455764945,-318.4512311264089,-49.01654334685387,-283.4970301421917,392.88296174147865,165.76188024812816,326.10628153769386,552.6511768833882
292,-44.7274035363761,-324.3827416260564,-52.82083985791742,-301.92756330966546,380.434112017423,173.203044112872,332.75483718782345,555.9732640946829
293,-47.024533076657555,-329.99325651534593,-56.63193768370144,-320.4522276635163,367.5390796043155,180.12091469074903,339.08751165492754,558.7472541186784
294,-49.168379321116966,-335.201762498346,-60.42331402260476,-338.8414219747997,354.40607554151126,186.27714675683617,345.01687388069547,560.9389636880638
295,-51.11484849954248,-339.9286939923992,-64.16790689705812,-356.8578493364389,341.26557988295747,191.43610071268083,350.4572244979926,562.5327387101742
296,-52.82284719770955,-344.09740121304964,-67.83844250110496,-374.2604780373947,328.3648128166022,195.37026639174465,355.32620301054357,563.5317554043561
297,-54.25508205176451,-347.6356830784044,-71.40784039338394,-390.8085855903575,315.9616917514185,197.86575643179995,359.5464547007337,563.9580476042191
298,-55.378750181233094,-350.4773489441834,-74.84970047945247,-406.26583272834426,304.31847164596155,198.7277240143773,363.04731880883577,563.8522983871571
299,-56.166107162786034,-352.56376689538024,-78.1388651680376,-420.40431501350315,293.695273373137,197.78554377582125,365.76649255618617,563.2734229461869
300,-56.594905551641794,-353.84535114071934,-81.25203888651424,-433.00852771685373,284.3436999288214,194.89758276444252,367.6516197240263,562.2979442156729
301,-56.64870334576418,-354.28293760581835,-84.16843695124743,-443.8791574941858,276.5007236780606,189.9553832258793,368.6617484733559,561.0191275462746
302,-56.317047669081795,-353.8489957336467,-86.87042775841294,-452.83658851259156,270.38300225001393,182.8870837806187,368.7686015695022,559.5458040256055
303,-55.59554368752353,-352.52862629909373,-89.34412719507812,-459.72398942917675,266.18175000092646,173.65992275782673,367.95760373737323,558.0007839230444
304,-54.48582185839539,-350.3202999113003,-91.57990268600517,-464.4098389919777,264.05826043926,162.28169809365392,366.22861582330364,556.5187511192138
305,-52.9954177249366,-347.2362985421919,-93.57274680474733,-466.7897577792372,264.14014639015767,148.80110114578343,363.596333674728,555.2435417469594
306,-51.13757758043606,-343.3028323479491,-95.32248689393694,-466.7875442500687,266.5183412973193,133.30689378599547,360.0903207740497,554.3247467223609
307,-48.93100080401126,-338.55981568489466,-96.83380705334076,-464.3553640015943,271.2448874504433,115.92595447887703,355.7546571354863,553.9136353404392
308,-46.39952623704005,-333.06029896460785,-98.11607100946884,-459.47310779613787,278.33152413281465,96.82027433763918,350.64720205946213,554.1584691861867
309,-43.571766564349936,-326.8695660805591,-99.18294737157838,-452.1470091557796,287.7490789824209,76.18303325112923,344.83848404331553,555.1993530359498
310,-40.48069217320266,-320.06391971794994,-100.05185123109034,-442.4076857152571,299.42765734069536,54.233925125207904,338.4102463494193,557.1628408692021
311,-37.16316489508432,-312.72918820251164,-100.74322683381274,-430.30782783919926,313.25761522854344,31.21392768209638,331.45369043642154,560.1565684708359
312,-33.65942234021582,-304.9589971766949,-101.27970448835244,-415.91979168366476,329.09129042111897,7.379725229398945,324.0674709873953,564.2642090234482
313,-30.012514707293942,-296.8528571115587,-101.68517092435634,-399.33335423967605,346.7454522235878,-17.00200733823615,316.3555053377694,569.5410392326019
314,-26.267697375154203,-288.5141234358864,-101.98379629708546,-380.65385360604455,366.0044143703041,-41.66026303364078,308.42466669075276,576.0103628654543
315,-22.47178386893003,-280.04788977502955,-102.1990631782809,-360.00087425249257,386.6237384526579,-66.32512924267992,300.38243450705346,583.6609749309968
316,-18.672464853961355,-271.5588761330601,-102.35284307332073,-337.5075548615475,408.33443968432704,-90.73283646906765,292.33457652243067,592.4457755147164
317,-14.917599719905411,-263.1493725448454,-102.46456392197094,-313.32050804548345,430.8475951392961,-114.63031673929213,284.38293461091456,602.2815694459904
318,-11.254488185127858,-254.91729480365396,-102.55050743545692,-287.600258455186,453.8592489105993,-137.77919371383365,276.62338113391627,613.050025194657
319,-7.729130286214519,-246.9544027348026,-102.62326819297672,-260.5220372943343,477.05550986947594,-159.95916056103792,269.144003936852,624.5997182577872
320,-4.385484186800288,-239.3447237584567,-102.69139782018206,-232.27672240244974,500.1177452191697,-180.970733197769,262.02356756531367,636.7491518409099
321,-1.2647324170210277,-232.1632157945935,-102.75924809178868,-203.0716863630983,522.7277847042643,-200.63739419967465,255.3302864103288,649.2906293234432
322,1.595431664976648,-225.47469438889314,-102.82701705194728,-173.13131089200894,544.5730631362748,-218.8071654974586,249.12093300014433,661.9948457404402
323,4.16148431165009,-219.33303962000218,-102.89099258608276,-142.69694285071697,565.3516397793978,-235.35366513677658,243.44029197797474,674.6160655571306
324,6.404704914412707,-213.78068920838442,-102.94397853067319,-112.02610311764539,584.7770398021903,-250.17671436026816,238.3209578413737,686.8977576133148
325,8.301748119672736,-208.8484156218243,-102.97587966890946,-81.39081060855811,602.5828643851728,-263.20256580007646,233.78346272436696,698.5785619994479
326,9.835139722004191,-204.55537712982982,-102.97441430872254,-51.074945390051504,618.5271125254867,-274.38382169316395,229.83670984693134,709.3984653012851
327,10.993681753200411,-200.90942585604682,-102.92591712112976,-21.370641882462778,632.396150646386,-283.6991031897379,226.47867914487443,719.1050586452083
328,11.772753090365969,-197.907650014572,-102.81619096476913,7.426229612741137,644.0082581245955,-291.1525189009656,223.69736435765284,727.4597470747757
329,12.174493574208618,-195.53712276222907,-102.63136480908545,35.02137206141704,653.2166703879383,-296.77296420704346,221.47189574267173,734.2437701354442
330,12.207862027179118,-193.7758264768623,-102.3587156908848,61.12798603828785,659.9120387132034,-300.6132644393018,219.7737997220287,739.2638844730565
331,11.88856150356954,-192.593718771321,-101.98741576026308,85.47309051728197,664.0242291453757,-302.7491571376399,218.5683461027833,742.3575528067546
332,11.238828337582746,-191.95390512200999,-101.50917057959938,107.80399142651919,665.5233932414086,-303.27809335928555,217.81593484757113,743.3974829389894
333,10.287084896541261,-191.81388247763846,-100.91872159476554,127.89463379555819,664.4202609941842,-302.31782717393077,217.47347739669604,742.2953680682415
334,9.067459319142971,-192.12681841658502,-100.2141937182608,145.5515722174847,660.7656307402119,-300.00475706855065,217.49573186394144,739.0046969519522
335,7.619178875339734,-192.8428312598558,-99.39727770742086,160.61930631625853,654.6490604289377,-296.4919833982999,217.83655666143022,733.5225291800821
336,5.985846802876249,-193.9102381204516,-98.47324583309273,172.98475078657017,646.1967966720149,-291.9470520726437,218.45005295903297,725.8901650893329
337,4.214615368653952,-195.2767403412245,-97.45080757917052,182.58064111792456,635.5690092800073,-286.5493657805891,219.2915726291917,716.1926787760397
338,2.355270390342255,-196.8905192212202,-96.3418192617278,189.38771476274675,622.9564263676906,-280.48725953503185,220.31857475783727,704.5573232634333
339,0.4592446710862665,-198.7012192568641,-95.1608671915129,193.43555258157022,608.5764860018063,-273.954756420021,221.49132019524066,691.1508567682602
340,-1.4214200852245134,-200.66080106747128,-93.92474825251735,194.8020166071149,592.6691331199102,-267.1480411497447,222.77339975871828,676.1758765153612
341,-3.2351413479679234,-202.7242514375904,-92.65187456662628,193.61127678153764,575.4923943757667,-260.261711837072,224.1320973876877,659.8662803148096
342,-4.931870696837944,-204.85014325662388,-91.36163028719243,190.03047950421066,557.3178588588382,-253.4848922026278,225.53859463947677,642.4820047280539
343,-6.46415140274786,-207.00104339238578,-90.07370858319635,184.26517143142752,538.4261802579182,-246.9973053086262,226.96802731586953,624.3032105299916
344,-7.788133824203107,-209.14377152332688,-88.80745571960979,176.55364880651504,519.1026976262388,-240.96542420546055,228.39940868391682,605.6240998096828
345,-8.864523669337053,-211.24951742901138,-87.58124704293738,167.1604511101687,499.63324963655026,-235.5388236380245,229.81543661457272,586.7465533929075
346,-9.659438736348855,-213.29382792925765,-86.41191687971377,156.36925389859022,480.30023359207394,-230.84685957441488,231.20220389445305,567.9737721107756
347,-10.145151298015527,-215.2564774315656,-85.31426108914856,144.47543640468527,461.3789379532433,-226.9957994466203,232.5488319728077,549.6040916411466
348,-10.300696029389263,-217.12123792935367,-84.30062742146424,131.77860352222848,443.13415780020335,-224.0665155745691,233.84704860915593,531.9251200891207
349,-10.112327210795655,-218.87556538926557,-83.38060487386375,118.57532969945741,425.8170878536684,-222.11283758202248,235.09072937993614,515.2083226871605
350,-9.573813505048259,-220.51021990634635,-82.56081884460501,105.15236620641983,409.6624780826277,-221.16063737318072,236.275421866834,499.70415163874907
351,-8.68656341595565,-222.01883698240948,-81.84483420699038,91.7805165053605,394.88603258549074,-221.2076934457257,237.3978697660049,485.637793440613
352,-7.459579229538964,-223.39746695750804,-81.23316378181497,78.70934078746996,381.6820329327892,-222.2243512938659,238.45555234114082,473.2055824899776
353,-5.909241706763665,-224.64409903157298,-80.72337544808539,66.16280374721545,370.22117177399105,-224.15496492177695,239.44625271964767,462.5721091043
354,-4.058932008608373,-225.75818540868835,-80.31028760688044,54.335932453265805,360.64859028348155,-226.9200726667384,240.36766653704532,453.8680323038324
355,-1.9385011943147565,-226.74017986637443,-79.98624004366968,43.39250618053296,353.08212287338415,-230.4192303048251,241.21706037901822,447.18859254382767
356,0.41639898622269234,-227.59110357874604,-79.74142540263563,33.46375902861686,347.6107634686998,-234.53439746753443,241.99098740622634,442.5928067287562
357,2.9651074715996493,-228.3121494768579,-79.56426545666427,24.648040216028544,344.29337856543503,-239.13375134113204,242.6850656175995,440.10331718706544
358,5.662848705507622,-228.9043349498123,-79.44181614615705,17.0113469013079,343.1577024044602,-244.07578583783373,243.29382255274024,439.706857915837
359,8.461710560786525,-229.36821126549705,-79.36018597124952,10.588620886346352,344.1996580446793,-249.21354588557176,243.81060885328583,441.35529544463714
360,11.311683947565347,-229.70363664582075,-79.30495363347896,5.385684109577248,347.38305405844807,-254.39884556488883,244.2275818980109,444.9671981232644
361,14.161741931589999,-229.9096184463602,-79.26157256069669,1.3816786672238395,352.6397091544861,-259.48632530007836,244.53575959576744,450.42988628194087
362,16.960935639272513,-229.98422831601403,-79.21575185289593,-1.4681249449647114,359.8700554677863,-264.33721642412513,244.72514324069272,457.6019160281756
363,19.659483820955703,-229.92459242347994,-79.15380520317427,-3.2292831471891206,368.9442649383227,-268.8227000149498,244.7849069831948,466.31595067737067
364,22.209832752807383,-229.7269567798225,-79.0629615012289,-3.985019713143119,379.70393186861173,-272.82676953994593,244.7036499241643,476.3819751067109
365,24.56766334690062,-229.38682543715,-78.93163294276805,-3.833058155322388,391.96432857399196,-276.2485320652159,244.4697051352948,487.590808843512
366,26.692823077263252,-228.89916698176893,-78.74963826216519,-2.8825349300037986,405.51723066417253,-279.00390911788645,244.07149804980497,499.7178727526051
367,28.550161708542404,-228.25868231260964,-78.50838007734589,-1.2510625285843862,420.1342850700422,-281.02672432924123,243.49794469267553,512.5271613258295
368,30.11025181299529,-227.46012432220084,-78.20097637668263,0.938008772191092,435.57086905764106,-282.2691894429358,242.7388782906598,525.7753677085198
369,31.349977558954507,-226.49865795995098,-77.82234699651244,3.5581011672222056,451.5703640161219,-282.7018220362041,241.78549113032167,539.2161020199579
370,32.25297811768799,-225.3702473646388,-77.36925663129604,6.481679583556023,467.86874564545235,-282.31284652060447,240.63077724677586,552.6041359061702
371,32.80993523934814,-224.072055335894,-76.8403165890507,9.582284160316998,484.199373985926,-281.10714413538045,239.2699606939575,565.6995986013418
372,33.01869816680272,-222.60283945159475,-76.23594819295141,12.73633765500587,500.2978538679727,-279.10482750475995,237.70089386867286,578.2720432578584
373,32.88424313757355,-220.96332875978652,-75.55831136638552,15.824747039367235,515.9068297118536,-276.3395209134725,235.92441073822994,590.104298088559
374,32.41846918559066,-219.15656523061014,-74.81120238283407,18.734321350634243,530.7805785613917,-272.8564289568735,233.94462083594388,600.9960158651296
375,31.6398365601565,-217.18819499586127,-73.99992489003972,21.35902743979879,544.689271669075,-268.71027402191123,231.7691314037994,610.7668380927236
376,30.572858500189355,-215.0666958242402,-73.13113811656365,23.601102402718034,557.4227872532598,-263.9631777172107,229.4091869972691,619.2590968744987
377,29.247461032954813,-212.803529365943,-72.21268576217138,25.372037149532765,568.7939742126446,-258.68255361803045,226.87971827947777,626.339987826638
378,27.698228730224223,-210.41320946299822,-71.25340864315265,26.593440727068856,578.6412873548919,-252.9390693215294,224.19929464954157,631.9031608280765
379,25.963556916611886,-207.913281071285,-70.262943834903,27.1977904183205,586.8307377771623,-246.80472557010435,221.38997862383076,635.8696911481331
380,24.08473274573463,-205.3242077974753,-69.25151286870755,27.12906873491238,593.2571262356583,-240.35108975268523,218.47708328013692,638.1884108251982
381,22.104968931024352,-202.66916950652953,-68.22970152042616,26.343285361921616,597.8445516188331,-233.64771104036987,215.48883740715758,638.8355983604828
382,20.068414810645987,-199.97377476269463,-67.20823388488004,24.808879956575442,600.5462101029261,-226.76073529696427,212.45596616134267,637.814043202735
383,18.019169866136973,-197.26569591192856,-66.19774367410048,22.50700044317315,601.3435225008259,-219.75173011125574,209.4111978940068,635.15151956819
384,16.000324740876952,-194.5742372787504,-65.20854586932303,19.431651049665465,600.2446471756183,-212.67672400316297,206.38871022608225,630.8987213724214
385,14.05305402980127,-191.9298491183445,-64.25041199366781,15.589704708933466,597.2824532478767,-205.58545906289993,203.42353030564195,625.1267259798547
386,12.215783411498144,-189.36360156881173,-63.332352519594195,11.000775448936828,592.5120432783477,-198.52085282045283,200.55090547581804,617.9240685890582
387,10.523450998065673,-186.90663391942923,-62.46241039324568,5.696947823602389,586.0079257544271,-191.5186626655684,197.80566138953367,609.3935207864439
388,9.006879261565421,-184.5895951273308,-61.647470249104074,-0.2776379217535466,577.8609451716355,-184.6073442287912,195.22156500852273,599.6486755272033
389,7.692269902089702,-182.44209171070494,-60.89308838399656,-6.86734461542588,568.1750809657284,-177.80809345022857,192.83070991151308,588.810446029916
390,6.600829926281346,-180.4921588684046,-60.20334880340579,-14.005739080699616,557.064225827171,-171.13506038827907,190.662940830261,577.0035874474431
391,5.748533293532914,-178.76576981213324,-59.580750642243444,-21.61643234272402,544.6490490302298,-164.5957210184662,188.74533323417882,564.3533475690235
392,5.146018886887568,-177.2863967707534,-59.026132089869115,-29.614055520663438,531.0540415976527,-158.19139124795112,187.10174205259443,550.9823463407961
393,4.798622240898206,-176.07463501182133,-58.53863570329134,-37.90536735664318,516.4048278748485,-151.91786510968316,185.752431355219,537.0077740192115
394,4.706535305158685,-175.14789877332248,-58.115719678849004,-46.39048904964548,500.82581298315444,-145.76615673452068,184.7137942409269,522.5389847972003
395,4.865085519489354,-174.52019548755487,-57.75321912880924,-54.96426189455819,484.438218272355,-139.72332351900303,183.99816952636107,507.67554735783375
396,5.265122729932931,-174.20198223059663,-57.44546044124295,-63.517723190154044,467.358537992391,-133.7733462667419,183.6137591134771,492.5057967129881
397,5.89350007798926,-174.20010588931314,-57.185430285104545,-71.93969593587978,449.69743079238305,-127.89804123833466,183.56464705478786,477.1059136809301
398,6.733632917796386,-174.51782602377295,-56.96499891054584,-80.11848776919145,431.5590402660325,-122.0779790348218,183.8509182905376,461.5395402618784
399,7.766117988034009,-175.15491684767366,-56.77519536372174,-87.94369402637727,413.04072053105045,-116.29338596721138,184.46887191371428,445.85792173962545
400,8.96939354193057,-176.10784229082395,-56.60653028782427,-95.30809837939219,394.2331266390841,-110.52500498647247,185.41132081888304,430.10055028657086
401,10.320420088308564,-177.36999593418426,-56.44936017677653,-102.10966204107447,375.2206162306758,-104.7548953752592,186.66796690881515,414.2962708225622
402,11.795360933187313,-178.93199594767606,-56.2942852335233,-108.25358907937012,356.08189885980477,-98.96715314608241,188.22583887540648,398.46479833861224
403,13.37024182817284,-180.7820242053968,-56.132571287998836,-113.65445105956812,336.890863182425,-93.14853724432766,190.06977810639495,382.6185870865622
404,15.021569717891232,-182.9061984871958,-55.956584579521575,-118.23834914306934,317.717509860637,-87.28899002048989,192.18295750388268,366.7649859786531
405,16.72689191410834,-185.28896689157088,-55.760226757623485,-121.94508594900564,298.62891941519337,-81.38204387285064,194.54741780035536,350.90861100214147
406,18.465279109480036,-187.9135141130622,-55.539356340013136,-124.73031285448666,279.690188911361,-75.42510933391978,197.14460622134962,335.05386391261743
407,20.217718475115646,-190.76217001856728,-55.29218211360406,-126.56761074116716,260.96527862203953,-69.4196430386741,199.95590303479557,319.2075261733202
408,21.967406541397793,-193.81681187682986,-55.0196135761719,-127.45045318940033,242.51771890946043,-63.37119687070067,202.96312253826906,303.3813572066435
409,23.699935477105438,-197.05925243022526,-54.725553528615194,-127.39399062413548,224.41113777981047,-57.289352119300645,206.14897615890544,287.5946257784066
410,25.403370585702877,-200.4716065746652,-54.417118344926415,-126.43658215902961,206.70958033726993,-51.18754471228486,209.497486399486,271.8765022898526
411,27.068221148419475,-204.0366297301342,-54.10477223210588,-124.64098961261797,189.4776022763185,-45.08278942343705,212.994341324693,256.2682377442013
412,28.68731098792016,-207.73802114302538,-53.802362995034855,-122.09513668811927,172.78013024459247,-38.99531216962391,216.62718023018832,240.82505231321977
413,30.255559106383952,-211.56068543985424,-53.52704863559409,-118.91232745131542,156.6820921337708,-32.94809995364597,220.38580217070097,225.61765335311324
414,31.769684215727906,-215.490945771204,-53.29910673511213,-115.23081418208668,141.24783004552333,-26.966377740210906,224.26229017263927,210.73330062180344
415,33.22784973168019,-219.51670183264815,-53.141622016845645,-111.2126075667665,126.54031786837778,-21.077020784262963,228.2510451802518,196.27633701676348
416,34.62926781531093,-223.62752590351084,-53.0800516217163,-107.04143379886285,112.62021406322992,-15.307909886864104,232.34872501174942,182.36810819825013
417,35.97378233101627,-227.8146898438103,-53.14167229298348,-102.9197645213152,99.54478819248514,-9.687235985770364,236.5540848241624,169.14620553816317
418,37.26145108330561,-232.07111592307123,-53.35491870255835,-99.06487674594943,87.36676653782548,-4.242759725214825,240.867716928892,156.76298480246908
419,38.49214732844553,-236.3912447606155,-53.74862729444968,-95.70393983850207,76.13314725671684,0.9989684867839891,245.2916895017168,145.38333766416545
420,39.66519934926577,-240.77081489133946,-54.351204845456955,-93.06817322547215,65.88403827934442,6.013421741996182,249.82908601883767,135.18172330853133
421,40.77908487861475,-245.20655070466194,-55.18974508934159,-91.38616885470167,56.651571002460614,10.77893543804102,254.48345020181034,126.33850101423407
422,41.83119440556882,-249.69575865469187,-56.28912009038601,-90.87652356679033,48.45893954991681,15.277561309327233,259.2581447729702,119.03563930233827
423,42.817674001169934,-254.23583550266545,-57.67107554710228,-91.73997540450647,41.319609112152655,19.49592291836943,264.15563623308213,113.45191063636541
424,43.733354423466714,-258.82369672896147,-59.35336071096677,-94.15128174850689,35.23672822413107,23.42605476135156,269.1767219839927,109.75771048297946
425,44.57176910575385,-263.455137967073,-61.34892390819291,-98.2511136611498,30.202769651261484,27.066202918207328,274.31972024832004,108.10966384942107
426,45.32525942399849,-268.12414720578994,-63.66520366348951,-104.13826806413167,26.199413771096363,30.4215613390722,279.57964724092653,108.64519963625206
427,45.98516161667391,-272.822190397654,-66.30354323279391,-111.8625159528799,23.197677773044052,33.50491478307284,284.9474097940966,111.47728215477554
428,46.542066116975874,-277.5374977645892,-69.25875310480119,-121.41840969904351,21.158284142475313,36.33715728309517,290.4090449551556,116.68948930091719
429,46.98613703924709,-282.25438221746106,-72.51884184971937,-132.74036476187666,20.032252892501134,38.947653810928436,295.9450407244612,124.33161812680513
430,47.30747724287108,-286.95262454607155,-76.0649307406262,-145.6993101381846,19.76169378700004,41.37441248738909,301.52977377124336,134.41598187661918
431,47.49652277076954,-291.6069619605455,-79.87136204268072,-160.10116725010698,20.280767303591873,43.664035160708224,307.1311002641565,146.91454015205318
432,47.544449438330275,-296.1867168188629,-83.90600484892848,-175.687368848046,21.51677642426618,45.87141552416406,312.71013453502644,161.75697868411362
433,47.44357384364252,-300.6556008197056,-88.13075587929721,-192.13756875792075,23.391345821082304,48.059156395533115,318.2212470167902,178.82982963600705
434,47.18773101704967,-304.97172657636503,-92.50222597018548,-209.07462165472353,25.821641104630455,50.296681680636624,323.6123078003907,197.97669820474704
435,46.7726112693703,-309.08785330532163,-96.97259649999222,-226.0718321311334,28.721579138438837,52.6590242266775,328.8251953245139,218.99963551488077
436,46.196039555523626,-312.9518863894977,-101.49062419068261,-242.6623874512749,32.0029816363176,55.2252785062422,333.79658130466976,241.66166959213544
437,45.45818202581078,-316.50764199331763,-106.00276789828274,-258.3508019093513,35.57662883551131,58.07671707660735,338.4589933341557,265.6904741987614
438,44.5616666530401,-319.6958779242529,-110.4544071333178,-272.6261153986072,39.353178089191644,61.29458223130146,342.74214592528216,290.78311925804553
439,43.51160811234158,-322.45558063946663,-114.79111882147627,-284.97650639189806,43.24392331057856,64.9575793916558,346.5745191776844,316.61180716541327
440,42.31553156042946,-324.7254858374602,-118.95997593579337,-294.90490107619587,47.16138429107366,69.13911671409535,349.8851518794741,342.83045744050924
441,40.98319554110421,-326.4457969149549,-122.91082917913891,-301.94508708951474,51.01972856853557,73.90435607594176,352.6056031452447,369.081958925386
442,39.526320574780016,-327.56005241735136,-126.59753132669442,-305.67777476737433,54.735041342274606,79.30716356408378,354.6720244441016,395.0058656598435
443,37.958236431071896,-328.0170812746968,-129.97906370295328,-305.74599587861434,58.225470040468515,85.38707152943408,356.02727291552065,420.2462727803592
444,36.29346684724989,-327.77297397138983,-133.02052592758034,-301.86919673101596,61.4112794445221,92.16638684883497,356.62298804233484,444.4595775809301
445,34.54727480482644,-326.7929897238676,-135.69395361017342,-293.8553777786197,64.21486136343242,99.64759803961682,356.42154781086396,467.3218153261432
446,32.735193957574225,-325.05331506608644,-137.97893397505965,-281.6106633407398,66.56075059803022,107.81124378172433,355.39781813000025,488.5352667703341
447,30.872572368550465,-322.54258887940375,-139.86299617491866,-265.14575780886133,68.37570672278515,116.6144041817769,353.5406112697974,507.8340696718621
448,28.974153613752033,-319.2631137966834,-141.34176097405273,-244.57885943937373,69.58892809738151,125.98996187416593,350.8537762183962,524.9886307137986
449,27.053717888457978,-315.2316845452179,-142.41884324134364,-220.13475525407412,70.13246787461725,135.8467523854745,347.35685653127155,539.8087228387504
450,25.123802288661103,-310.47997975479683,-143.10550998530826,-192.14000201050672,69.94191793858663,146.07068322381994,343.0852690061263,552.1452570789909
451,23.1955150727327,-305.05448382859873,-143.4201061014729,-161.0142966178605,68.95741255875912,156.52685151469677,338.08997811934285,561.890825066412
452,21.278453420535662,-299.0159280131148,-143.38726910530565,-127.25834058150076,67.12497813399493,167.06263457167378,332.43666492165204,568.9792040098711
453,19.38072793964591,-292.438262987917,-143.03696243720836,-91.43869195119287,64.39822077681231,177.51167123500943,326.20441316499034,573.3840847490961
454,17.509090063612813,-285.40719727902814,-142.40336413334637,-54.17026000203491,60.740304319289145,187.69859893406743,319.483958003402,575.1173113717723
455,15.669151060386126,-278.0183549823044,-141.52365352579704,-16.09721920352586,56.126133627417865,197.44436648555143,312.37556212556785,574.2268985653145
456,13.865674428955291,-270.3751216185138,-140.43674285792846,22.12681042553804,50.544627704625746,206.57190884666244,304.98659955453644,570.7950223275865
457,12.102917870510678,-262.5862579484242,-139.18200288780417,59.85845550196295,44.00094816811696,214.91194935859232,297.4289379984172,564.9360786946922
458,10.384997466779597,-254.76336810343676,-137.79803143698078,96.48333524733654,36.51854301191048,222.30868812721297,289.8162163204159,556.7948029706492
459,8.716245556614043,-247.01831050668235,-136.32151140012763,131.43313435245042,28.14087217153437,228.62514162254135,282.26111449235026,546.5443654679746
460,7.101535080938982,-239.46063813277098,-134.78620015368296,164.200405212925,18.932697291575376,233.74791694015565,274.87270972762354,534.3843216515764
461,5.546546553199883,-232.1951492711271,-133.2220859456887,194.35065391939122,8.980839453060211,237.5912324782677,267.7540050441031,520.538292283795
462,4.057958765042922,-225.31962171805432,-131.65473909311697,221.53142365549212,-1.6056679317242246,240.1000328339149,260.9997059644891,505.25127204417794
463,2.6435501784667603,-218.92279274836824,-130.1048768744081,245.47824265356596,-12.696080369246719,241.2520872713777,254.69430793382102,488.7865014183175
464,1.3122039869064734,-213.0826348550151,-128.58815101751946,266.01744206004895,-24.139124069507414,241.05900592907983,248.91054180664074,471.42187718150285
465,0.07381547088127394,-207.86496375539954,-127.1151560059176,283.0659667941531,-35.76486191004857,239.56615377470212,243.70820813207902,453.4459158075829
466,-1.0608948173330341,-203.32240130192096,-125.6916457558461,296.62839862259955,-47.38722415178043,236.85148699943153,239.13341391735884,435.15331902163865
467,-2.080654466859419,-199.49370245974885,-124.31893638036051,306.79148685970256,-58.807161157677804,233.0233779486786,235.2182091460921,416.8402208833574
468,-2.9739884974026776,-196.40344303882057,-122.99446444492969,313.71654097118756,-69.81635267802857,228.21753087360221,231.98060547228926,398.7992212675045
469,-3.7296314616160853,-194.06205376178795,-121.71246385694748,317.6300830922629,-80.20138763644336,222.5931201708954,229.42494683162408,381.3143311675459
470,-4.336987535753051,-192.466176773765,-120.46472068297314,318.8131880895024,-89.74831120277511,216.32830431847512,227.5425916576275,364.6559701111804
471,-4.786622274881903,-191.599313159161,-119.24136388977422,317.5899541876858,-98.24742317934631,209.6152819661904,226.31285931608488,349.0761639439573
472,-5.0707682515470385,-191.43272464574656,-118.031651108832,314.31554762767973,-105.49820349294292,202.655061711369,225.70418938744623,334.80409107416193
473,-5.183825401509168,-191.92654934452395,-116.82471168115579,309.3642497428369,-111.31423632185967,195.65211462768514,225.67546125704314,322.04211623404393
474,-5.122835796208661,-193.03108974195356,-115.6102140800884,303.1179043952987,-115.52800316531072,188.80906979461835,226.17742261004958,310.96243307050077
475,-4.887911997544269,-194.6882308643129,-114.37893106341842,295.9551190099016,-117.99541610140518,182.32159942223282,227.15417841067156,301.70441161504726
476,-4.482598285132534,-196.8329472891863,-113.1231833113597,288.2415154855983,-118.59996511300432,176.37362323555263,228.54469638586212,294.37271586564606
477,-3.9141450415046464,-199.39485930443493,-111.83715036949687,280.3212608376169,-117.25635778156659,171.13294288351923,230.2842905050759,289.0362227647893
478,-3.193678654216942,-202.29980098663722,-110.51704570360938,272.5100350314578,-113.91353642159893,166.74739731710426,232.30605002731977,285.7277394044927
479,-2.336252534878419,-205.47136634234892,-109.16115995775144,265.0895192259116,-108.55696770045549,163.34161024326104,234.54218808103195,284.4444829752595
480,-1.3607690615163344,-208.83240382291316,-107.76978279194202,258.30341599218116,-101.21011390779354,161.01438169638388,236.92529021278344,285.14926028014304
481,-0.2897670512748465,-212.3064341354254,-106.34501888954281,252.35494831348052,-91.9350141052904,159.8367580964456,239.38944956538066,287.7722626179814
482,0.8509255337345912,-215.81897089574142,-104.89051784656593,247.4057298482245,-80.83192767773647,159.85079929361083,241.8712809652624,292.2133788261076
483,2.0326687050114765,-219.29872798609975,-103.41114063668095,243.5758574350918,-68.03802175743559,161.0690471840746,244.31081094489346,298.34492457023026
484,3.2246071762902067,-222.67870134331034,-101.91258709183775,240.9450492261356,-53.72511619597077,163.47468832381756,246.6522444601507,306.0146888386573
485,4.394371375400553,-225.89711629525345,-100.40100925374527,239.55463811807206,-38.09653325166367,167.0223920464032,248.84461176041782,315.04920751831196
486,5.508862755319999,-228.89823453417267,-98.88263448194095,239.41022930766908,-21.38313177144837,171.63979529324743,250.84230059008632,325.257186951816
487,6.535099536326221,-231.6330174286775,-97.36341986332222,240.48484098302043,-3.8386352235386574,177.2295952251062,252.60547975018613,336.43301538844764
488,7.4410961074957385,-234.05964465636632,-95.84875591297977,242.72236590978244,14.26561240935646,183.6722004520241,254.10042015456222,348.36031520006344
489,8.196747443823432,-236.1438890602672,-94.34323309946872,246.04121622121772,32.64631052124028,190.82888128453072,255.2997190164928,360.81550189859513
490,8.77468906543224,-237.85935016826824,-92.85047971046743,250.3380413388646,51.014121858167016,198.54534873979813,256.1824318445417,373.5713261083123
491,9.151103345906552,-239.18754998943007,-91.37307432144075,255.49143707482486,69.07968053468592,206.65568120155461,256.7341156830644,386.4003809353401
492,9.306444431452665,-240.11789562193027,-89.9125310452607,261.3655902594116,86.55952225002213,214.98650686808566,256.9467857624278,399.0785592645523
493,9.226056624261858,-240.6475140416734,-88.46935130590032,267.8138256941501,103.1817789724747,223.36133992046467,256.8187867526309,411.3884434510105
494,8.900664662867637,-240.78096531547436,-87.04313249170372,274.682039335705,118.69149365632167,231.60495951520713,256.3545793876938,423.12260421561996
495,8.326718677941269,-240.52984144106293,-85.63272168194118,281.8120124533707,132.85542814958083,239.54771432786998,255.5644434271496,434.0867773326908
496,7.506581481824186,-239.91225907987678,-84.23640163658204,289.0446057861752,145.46625824969212,247.02963258058583,254.46409871497607,444.10287723089834
497,6.448551077198029,-238.95225563933752,-82.85209615028099,296.2228308394921,156.34607262714752,253.90421920355396,253.07424739428134,453.01179729889293
498,5.166716694909059,-237.67909946377125,-81.47758241906227,303.1947885085865,165.34911577685824,260.04182851029447,251.42004200028458,460.6759387622619
499,3.6806521225492217,-236.12652627023886,-80.11069904765121,309.8164549893629,172.36373810045237,265.3325124907115,249.5304860488044,466.98140457640426
500,2.014955351295654,-234.33191539271021,-78.74953961833285,315.9542837090805,177.31353783391432,269.68826107306853,247.4377757659394,471.83979281914543
501,0.1986484388831133,-232.33542085365085,-77.3926232749647,321.4875821599729,180.1576994474867,273.0445707328635,245.17659369285514,475.1895264162422
502,-1.735544219752757,-230.17907369558628,-76.03903547544326,326.3106160612739,180.8905513641476,275.3613007555953,242.7833669373873,476.9966632966077
503,-3.7520174852238664,-227.90587318610872,-74.68853382946841,330.3343914568191,179.54038251804525,276.62280126895826,240.29550460739333,477.2551433345483
504,-5.813182559784575,-225.5588851743918,-73.34161565463275,333.4880684831877,176.16757255155377,276.8373226402567,237.75063014298638,475.9864450864989
505,-7.880413451002185,-223.18036582717946,-71.99954552585406,335.7199680932357,170.86210443525988,276.03574069549313,235.1858246786153,473.2386451809394
506,-9.91501573583731,-220.81092822900882,-70.6643427492534,336.9981439005517,163.74054098753143,274.2696552859361,232.63689727936284,469.08489474930883
507,-11.879190299428757,-218.48876806128519,-69.33873041477997,337.31050415594115,154.94255795313157,271.60894008179537,230.13769710515416,463.6213488467234
508,-13.736965209009531,-216.24896290888296,-68.0260493587026,336.66448233056514,144.6271355074357,268.1388384446004,227.71948137125173,456.9646048224438
509,-15.455070175519458,-214.12285771577046,-66.73014182909523,335.08626779024877,132.96851664832704,263.9567133693978,225.41035139879972,449.24872274037807
510,-17.00373021268737,-212.13754659381954,-65.45521082703272,332.61961994101625,120.15204429187806,259.16856847302694,223.23476716130133,440.62191429287424
511,-18.35735804845703,-210.31545880178695,-64.20566196893076,329.3242997440789,106.36998858428497,253.8854615560214,221.21314875067537,431.2429957021465
512,-19.495128302199905,-208.67405450593455,-62.98593519383121,325.2741616445646,91.81747189373525,248.2199321919527,219.36157131588075,421.277704780964
513,-20.40142011273959,-207.2256340010998,-61.80033366253352,320.55495680903914,76.68859136687537,242.28256015238628,217.69155832178345,410.89498287775234
514,-21.06611866069221,-205.97726230547357,-60.65285685541704,315.26190510963994,61.17282826779549,236.17876262873708,216.20997636129655,400.2633193046522
515,-21.484769903032273,-204.93080924441045,-59.54704434110675,309.4970983942942,45.45182016119264,230.0059257666713,214.91903310108813,389.54724954946715
516,-21.658586854531197,-204.08310317295283,-58.48583607420296,303.36680104022764,29.696557009827586,223.85095066927883,213.8163781608948,378.90408958636914
517,-21.59430980360845,-203.42619437683962,-57.471454456804004,296.97871537933537,14.065046054653777,217.78827642010253,212.89530484301795,368.48097733423543
518,-21.30392671312089,-202.94772203783526,-56.505312796933225,290.43927914878327,-1.299526466857871,211.87842348804236,212.1450487079826,358.4122791649406
519,-20.804263568599012,-202.6313765124681,-55.58795413847074,283.85105968154767,-16.27012550529774,206.1670808233659,211.55117704201317,348.817404865085
520,-20.116457641981608,-202.45744661013438,-54.71902355069846,277.31030537323977,-30.736694135571913,200.6847398111301,211.09606129038113,339.7990593048335
521,-19.26532967433072,-202.4034396616107,-53.8972757410208,270.9047094943471,-44.60649684694069,195.4468587745648,210.7594226139022,331.4419440590839
522,-18.278673845819657,-202.4447604943164,-53.12061835786821,264.7114351771759,-57.80401161869839,190.45452362233888,210.51893892863498,323.81190812603927
523,-17.18648688423654,-202.5554339560978,-52.38618977612765,258.7954438183312,-70.27041371262071,185.6955541445357,210.35090011391355,316.9555343122742
524,-16.02015946735119,-202.70885437289965,-51.69046867515795,253.2081624036595,-81.96270206961586,181.14599191863246,210.23089654817983,310.9001371697385
525,-14.811653976109655,-202.8785443990618,-51.02941139302819,247.98651835827906,-92.85252461932053,176.7718952230931,210.1345248626839,305.6541397234289
526,-13.592692571048953,-203.03890521478164,-50.398611866605194,243.15236328881616,-102.92476193298573,172.53135912339044,210.03809388551204,301.2077896530267
527,-12.393978546052962,-203.16593991320448,-49.79347791954212,238.71229920989433,-112.17592989012435,168.3766752513116,209.91931317025913,297.53417108819
528,-11.244472110012625,-203.2379321628833,-49.20941672027669,234.65791233436192,-120.61246188914004,164.2565458461907,209.7579462546092,294.5904657039318
529,-10.170739321276509,-203.2360629839631,-48.64202147522077,230.96641013336927,-128.24893003845975,160.11827022364062,209.53641106826015,292.3194162146663
530,-9.196389971104281,-203.14494998270254,-48.087251041672054,227.60164718188884,-135.10626290497478,155.90982855552758,209.24031100857056,290.6509463791655
531,-8.341616885546307,-202.95309563111402,-47.54159430314318,224.5155146154185,-141.21001467468201,151.58179707343226,208.8588821586163,289.50389391301775
532,-7.622845534522329,-202.6532338200455,-47.002211841718015,221.6496574701383,-146.58873674382997,147.08903994397016,208.38534461517028,288.7878160536147
533,-7.052499170669701,-202.2425666768145,-46.467048533239684,218.93747461022326,-151.27249757532604,142.39213560248746,207.81714862546485,288.4048318993458
534,-6.638881110698671,-201.72288652233289,-45.93491202652514,216.3063481974782,-155.29159001759234,137.45850879097296,207.1561091649335,288.2514710461094
535,-6.386172327951514,-201.10058089126846,-45.405513530368104,213.68004431615097,-158.67545726084893,132.2632533753753,206.4084257356379,288.2205043314959
536,-6.2945393411040085,-200.38652163224597,-44.87946885589018,210.98122360883076,-161.4518594759624,126.78964457033808,205.58458739065506,288.20273931120533
537,-6.360344517944438,-199.595842084725,-44.3582592243135,208.13400033718645,-163.64629337748326,121.02935176553937,204.69916612963448,288.0887698377045
538,-6.576448353027555,-198.74760914458764,-43.84415296764382,205.06648951244912,-165.281666923276,114.98237404831808,203.77050481570913,287.7706750088599
539,-6.932590973427373,-197.86439967887566,-43.340090966332724,201.71328380902992,-166.37822148064106,108.65672925887485,202.8203086377366,287.1436670113908
540,-7.4158380685740335,-196.97179316590226,-42.849540492449414,198.01780406829158,-166.95368439755734,102.06793381179556,201.8731518199396,286.1076894271484
541,-8.011074730676956,-196.0977944929803,-42.37632395114909,193.93446872652643,-167.0236263968277,95.23831466704512,200.95591361521872,284.56896719271685
542,-8.701529557172424,-195.27220242375103,-41.92443061356658,189.43062823606263,-166.60199093696755,88.19619694004078,200.09715944936306,282.44150676282857
543,-9.469311026521142,-194.525940299326,-41.49782057857013,184.48821068820507,-165.70175695478335,80.97501086354033,199.32648431678345,279.64854057525196
544,-10.29593864445404,-193.89036610013667,-41.10023076905163,179.1050249298732,-164.33569243848862,73.61236027108356,198.67383618228905,276.12390432327834
545,-11.162852533646767,-193.3965791623906,-40.73499275990011,173.29566822827925,-162.51715427386213,66.14909162175162,198.16883731811564,271.8133296642894
546,-12.051886884970044,-193.07474066488828,-40.40487168563779,167.0919878157534,-160.26088993022523,58.62839805734178,197.84012126823728,266.6756297818091
547,-12.94569492101473,-192.95342445301043,-40.11193443679501,160.54305025565534,-157.58379882934977,51.09498737120782,197.7147024727022,260.6837515405025
548,-13.828115599694273,-193.05901383036053,-39.85745391770888,153.71458011895888,-154.50561543934197,43.59433646507268,197.81739449986253,253.82566639953401
549,-14.684475031626262,-193.41515863799543,-39.64185441031994,146.68784026267048,-151.04948184565797,36.17204835613583,198.17029134964886,246.10507302554836
550,-15.501818390965784,-194.0423052128074,-39.464701179375844,139.5579401346246,-147.242384345138,28.873321525562524,198.79232438229027,237.54188772397075
551,-16.269070908709903,-194.95730959569147,-39.32473552861131,132.43157585628552,-143.11543611245895,21.742535643324405,199.69890505027666,228.17250428261707
552,-16.977129249451448,-196.17314169758004,-39.219954737407754,125.4242258903294,-138.70399581580696,14.822952498056287,200.90166083758464,218.04981221320588
553,-17.618887025575336,-197.69868523724224,-39.14773468236216,118.6568480120205,-134.0476197532578,8.15652619669871,202.40826882874222,207.24297094986198
554,-18.189200290269792,-199.53863535461363,-39.10499136236925,112.25214588270494,-129.18985216026599,1.78381227207134,204.22238831820715,195.8369463459514
555,-18.684800605328025,-201.69349296608365,-39.088375995809955,106.33049544233025,-124.17786437467407,-4.256038761248117,206.34369091667654,183.9318237871948
556,-19.104164748125523,-204.15965215483294,-39.09449704758003,101.00564128456453,-119.0619582205009,-9.925221499903657,208.76798374970738,171.64191850483905
557,-19.447351181435728,-206.92957420172692,-39.120161671835604,96.3802899740798,-113.89495212162555,-15.1871704317726,211.48741862209192,159.09470755145912
558,-19.71581383000514,-209.99203938492695,-39.16262858597415,92.54173994646314,-108.73147009701387,-20.00643247641405,214.49077753098067,146.42960903463697
559,-19.912203398795892,-213.33246558063703,-39.21986406981536,89.55769543760327,-103.62715405087897,-24.348541419448086,217.76382276392658,133.79663251570108
560,-20.040165581291312,-216.933281104413,-39.290792365582064,87.4724142193303,-98.63781878654876,-28.179918523444098,221.28969810313188,121.35492008676391
561,-20.104144301512843,-220.77433818221326,-39.375531205076676,86.30333540190661,-93.81856706933588,-31.467822966925695,225.04936643228305,109.2711908930217
562,-20.109196798556262,-224.8333529136808,-39.4756027290055,86.03832424371738,-89.2228790943017,-34.180374486121366,229.02206834658423,97.71809353937851
563,-20.060825969931287,-229.08635752902808,-39.59410998406175,86.63365632761383,-84.9016873560905,-36.28666874752359,233.18578620306542,86.8724621350628
564,-19.964833971149893,-233.5081510791098,-39.735869590923905,88.01284458108141,-80.90244479958085,-37.757003562466736,237.5176983725281,76.91346412639311
565,-19.827199656562094,-238.07273541085723,-39.907491945808374,90.0663906082309,-77.26819185671798,-38.563231026435524,241.9946092211305,68.02062284215314
566,-19.65398103739417,-242.7537243931659,-40.117401324044856,92.65251781002708,-74.03662699021058,-38.67924697272765,246.59334156156703,60.371695721944576
567,-19.451242509048246,-247.5247158843169,-40.3757895299471,95.59891871076395,-71.23918590962563,-38.08162471631074,251.29107998909643,54.14039093825193
568,-19.225005228891337,-252.3596177930557,-40.69449838840911,98.70552340718933,-68.90013673028042,-36.75039488713189,256.06565560322076,49.493910561591356
569,-18.98121785465193,-257.23292160278885,-41.08682841326248,101.7482704806252,-67.03570182317708,-34.66996719579294,260.89576494734814,46.59031721045179
570,-18.725743976508713,-262.1199186815134,-41.56727332092007,104.48383621702972,-65.65322158047891,-31.830183266355313,265.7611183479325,45.57573265575053
571,-18.46436199972025,-266.99685640196844,-42.151182622170396,106.6552525619338,-64.75038030657662,-28.227482328528904,270.6425150055539,46.58139032010028
572,-18.202772937176185,-271.8410324653944,-42.85435733223249,107.99831886423523,-64.31451941963178,-23.86615379315347,275.5218441018637,49.72057816929584
573,-17.946611491486234,-276.6308269067335,-43.69258681993995,108.24868723532093,-64.3220676353803,-18.759642797383524,280.38201286663127,55.08552332563219
574,-17.701455864700268,-281.345672166927,-44.681137724257106,107.14947658886325,-64.7381214037006,-12.931867009462435,285.20680405159203,62.74428414126945
575,-17.472831963635496,-285.9659624762027,-45.83420841676082,104.45924665325548,-65.51621123582878,-6.418495716424667,289.98066665647946,72.7377288667613
576,-17.266208193816354,-290.4729048130236,-47.164364525455134,99.96014110187755,-66.59829036824776,0.7318641065757262,294.6884452353469,85.07669189854849
577,-17.086977844354966,-294.84831514817307,-48.681972479671956,93.46598908530314,-67.91498110842717,8.456635106873607,299.3150549205959,99.73940832484246
578,-16.940426971603713,-299.0743656964538,-50.394648793342355,84.8301374901895,-69.38611080970057,16.678454243843287,303.84511155004895,116.66933446886529
579,-16.831686552420926,-303.13329147820673,-52.30674286326882,73.95277276930669,-70.92156337770919,25.30464104420784,308.26252895209564,135.77346566470385
580,-16.76566851958484,-307.00706759201506,-54.41887062953138,60.78748173495221,-72.42246342930645,34.227016276699125,312.55009851866635,156.92126193695697
581,-16.746986141730737,-310.6770721252098,-56.72751593705219,45.34679572935075,-73.78269909764619,43.322136693190544,316.689069647333,179.9442869357095
582,-16.779859958774754,-314.123753371454,-59.22471630822431,27.70646234307478,-74.89077684183603,52.452007664299344,320.6587533207995,204.63665462028456
583,-16.868010925617845,-317.3263236607227,-61.89785028787863,8.008193617243245,-75.63198843237267,61.465328108340984,324.436174712592,230.75636094123598
584,-17.014542424148733,-320.2625052648407,-64.72954418551411,-13.539349628473119,-75.89085722557863,70.19931010497176,327.9958038227732,258.02755376798234
585,-17.22181248360862,-322.9083561584198,-67.69771603814326,-36.66155860082369,-75.55381812832367,78.4820983165881,331.30939525185886,286.14376447957454
586,-17.491297233314768,-325.2382044997492,-70.77577301405908,-61.02105190380614,-74.51207319916703,86.13579154287739,334.34596878417983,314.7720916868247
587,-17.82344667490664,-327.2247200468159,-73.93297466419425,-86.22316477293045,-72.66455264413865,92.98004063015071,337.0719608966614,343.5582955640364
588,-18.217534564562747,-328.83914775674157,-77.13496819980793,-111.82381774212811,-69.92089949210072,98.83616434760471,339.45157304642385,372.13273434286964
589,-18.671505631292533,-330.0517230478985,-80.34449351286635,-137.3397300174811,-66.20438637284755,103.53168911396928,341.44733518152253,400.1170548572001
590,-19.181825430258307,-330.8322794654673,-83.52224555760942,-162.26081719292807,-61.4546656915382,106.90518151269382,343.02089228667785,427.13153505666355
591,-19.74334056085067,-331.15104808384365,-86.62787093756825,-186.0644684565798,-55.630251265185564,108.81120677070837,344.13400834934083,452.80296194174554
592,-20.34915935356878,-330.9796346809708,-89.62106515921631,-208.2312466650591,-48.71063130872525,109.12521475974575,344.74976683180927,476.7729038083504
593,-20.990564998789257,-330.29214664010595,-92.4627279746684,-228.26141078598587,-40.69792045235569,107.74813117111479,344.83393082113616,498.70619217798463
594,-21.656974090671007,-329.066427903454,-95.11612741184524,-245.69154080220636,-31.617972501416716,104.61041924659155,344.35641092142197,518.2993649400843
595,-22.33595342040576,-327.28534828797024,-97.54801936655866,-260.11046584372133,-21.520895116995547,99.67538047789247,343.29277607899184,535.2887492394847
596,-23.01330631591215,-324.93808407561767,-99.72966975250844,-271.17366966232674,-10.480930593087436,92.94148343049723,341.6257331536029,549.4578021971457
597,-23.673236756476815,-322.0213208476594,-101.63773046099017,-278.615381653808,1.4043092181183925,84.44354860676874,339.3464961627984,560.6433024785057
598,-24.29859514108625,-318.54030783484365,-103.25492841350967,-282.25765896882984,14.015243844496847,74.25267192240491,336.45596646536245,568.7400104625355
599,-24.871204539994306,-314.50969629668174,-104.57053784159446,-282.0159222009211,27.21233338932152,62.4748357626776,332.9656511181807,573.7034918161303
600,-25.372261106277325,-309.9541028266047,-105.58061831349056,-277.90061381034576,40.838656435568936,49.2482292445709,328.89825802497427,575.5509207831111
601,-25.7827975516953,-304.9083513898012,-106.28801362907072,-270.0148891178733,54.72301063130746,34.73937229941125,324.28792228094295,574.3598300563964
602,-26.084194618746334,-299.4173640962948,-106.70211833259117,-258.54850381902423,68.6834868045123,19.138205843470487,319.18003674920266,570.264933019027
603,-26.258722647875043,-293.5356887260999,-106.83842832871763,-243.76830588641315,82.53146391447825,2.6523677171993545,313.6306797147977,563.4532875962741
604,-26.290093819577628,-287.3266693751236,-106.71789947494946,-226.00594973517073,96.07596373264431,-14.49908273168298,307.70565192459145,554.15817526368
605,-26.16400532947807,-280.86128397418497,-106.36614317923511,-205.6436068322484,109.12828736921412,-32.09220249271939,301.4791532472111,542.6521152743244
606,-25.868654226609877,-274.2166879461853,-105.81249154473758,-183.09853681641812,121.50682982156734,-49.90466885337314,295.0321448952856,529.2394155776575
607,-25.395205515351677,-267.47451641616715,-105.08896715988132,-158.80740182085793,133.04193641618374,-67.7219642668493,288.4504563747407,514.2485877476648
608,-24.738196295742515,-260.7190078120107,-104.22919454092545,-133.211156547157,143.5806322676897,-85.34298465429754,281.82270681590484,498.0248499729069
609,-23.895860346368003,-254.03501888507893,-103.26729135101967,-106.74123710668763,152.9910299727673,-102.58485495125026,275.2381175936099,480.92284309318836
610,-22.870359738128073,-247.50600464973078,-102.23677762175335,-79.80761788997046,161.16620813170158,-119.28678678232409,268.7842966386143,463.299614420165
611,-21.667912655451953,-241.21203644606922,-101.1695402568707,-52.7891261215506,168.02735784188863,-135.31287004926904,262.5450745145062,445.50789000236455
612,-20.298809339360336,-235.22792768555277,-100.09488810567305,-26.026216898900522,173.52601675062633,-150.55374905030212,256.59846853696484,427.88965166967176
613,-18.77731093571293,-229.62153025932074,-99.03872971185001,0.18376596442713508,177.6452484952414,-164.92719091236438,251.0148442721029,410.7700489712644
614,-17.1214292761522,-224.45225537626254,-98.02290129688255,25.588972682796506,180.3996754849648,-178.37760655533535,245.85533390416913,394.45169713184583
615,-15.35258939065778,-219.76986129830667,-97.06466663317397,49.983325758722664,181.834330404157,-190.87462978292524,241.17055872344466,379.20943269329695
616,-13.495180695682993,-215.61353794671322,-96.17640345202096,73.20503090738876,182.02235217318807,-202.41089685194223,236.9996892354883,365.28561451595033
617,-11.57600699389137,-212.01130558885038,-95.36548333387978,95.13370468268995,181.06161162077697,-212.9991961934914,233.36986208527142,352.88606819457556
618,-9.623649338998407,-208.97973252999995,-94.63434410061512,115.68651400447158,179.07040750686886,-222.6691755563199,230.29595893712406,342.1767770507019
619,-7.667759203347474,-206.52396554299398,-93.98074596672444,134.81370362640573,176.1824217263219,-231.4638016039372,227.78073933632103,333.281422757918
620,-5.738302073324356,-204.63805710878597,-93.39819543471107,152.49384536142426,172.54116069755844,-239.4357648583112,225.8153079186416,326.27987216727774
621,-3.8647735537518297,-203.3055655577283,-92.87651442798033,168.7290857193263,168.2941357947774,-246.64401104167098,224.37988638679406,321.20769188431217
622,-2.0754113138303776,-202.5003978175397,-92.4025266750532,183.54060451435268,163.58704775266435,-253.15055904793942,223.4448524846027,318.056746616442
623,-0.3964267228387152,-202.18785959463426,-91.96082905671612,196.96443306615916,158.5582377996747,-259.01773728447085,222.972001781056,316.7769008102555
624,1.1487202664513254,-202.32587435936298,-91.53461268214299,209.0477225571986,153.33365241011208,-264.3059357867104,222.9159834562338,317.2787978450058
625,2.5399805292688598,-202.86633030319877,-91.10649712887817,219.8455049972018,148.0225404746001,-269.0719335716861,223.22585844599084,319.43764208189907
626,3.761288889073169,-203.7565132664734,-90.65934183620655,229.4179533473708,142.7140636127879,-273.36782168003975,223.84672720443209,323.0978629629932
627,4.801032988275488,-204.9405833999854,-90.17700121152046,237.8281240445121,137.47495507377369,-277.24050479976347,224.72137498386988,328.0785029507778
628,5.652403295242722,-206.3610540979972,-89.64499443171628,245.14015303168372,132.3483132051234,-280.7317305730386,225.7918849294224,334.17914567405035
629,6.313613536580348,-207.96023361383084,-89.05106672604833,251.41787267946717,127.35356475423997,-283.8785675678759,227.00117331678632,341.186187555197
630,6.787985019616655,-209.68159266925744,-88.38562550774024,256.7238182557963,122.48758386458636,-286.7142318257632,228.29440658062694,348.87925379153955
631,7.083892411675391,-211.4710250849579,-87.64204152056065,261.11859563457233,117.72690648555583,-289.2691485620448,229.62026593088814,357.0375654095644
632,7.2145723154207815,-213.27797280831874,-86.81681173628897,264.66058425154114,113.03093816514618,-291.5721299410892,230.93203195856978,365.4460758019556
633,7.1977993988347615,-215.0563915862766,-85.90958676628618,267.4059493320694,108.34601622746308,-293.65155124807967,232.18846845741058,373.90121065435306
634,7.055438078733185,-216.7655388072527,-84.92307086533441,269.40893423349564,103.610155145314,-295.53641532734673,233.3544915738353,382.2160628438075
635,6.8128809983847844,-218.37057059920377,-83.86280712935452,270.7223970405453,98.7582765832153,-297.25720790460434,234.40161722983666,390.2249125773515
636,6.498388757960212,-219.84294106655466,-82.73686415594797,271.3985456936365,93.72770365220298,-298.8464634971085,235.30818648400847,397.7869621901606
637,6.142348269654705,-221.16060251245662,-81.5554431570033,271.48981412872604,88.46368351863646,-300.3389822822757,236.05937501276654,404.7891948196103
638,5.776469380713727,-222.30801141577942,-80.33042616602103,271.0498101115155,82.92469518990958,-301.7716617769614,236.64699897060925,411.14828737575436
639,5.43294090024887,-223.2759505040198,-79.07488647843954,270.1342559231003,77.08730156501788,-303.18293254693583,237.06913481792037,416.8115317778682
640,5.143567941299412,-224.06118224002697,-77.80258185448068,268.8018378577942,70.95031762448247,-304.6118132285347,237.32957510220353,421.75674497640557
641,4.938912627998655,-224.66595332636982,-76.5274495816757,267.1148810891086,64.53808996489039,-306.09662550117645,237.43714567032444,425.99117790562326
642,4.847459765157573,-225.09737341302832,-75.26312070760008,265.1397735009218,57.902715818965234,-307.67343285790986,237.40491252932642,429.5494656135114
643,4.894828107060305,-225.36669402247088,-74.0224690078454,262.947075316048,51.12507056583234,-309.37428676165587,237.2493086461318,432.49069413677336
644,5.103046512192816,-225.48851565211027,-72.81720849872929,260.6112696662631,44.31455950306179,-311.2253789385504,236.98921224211503,434.8946924435645
645,5.489912630849504,-225.4799519347895,-71.65755111007881,258.2101308874111,37.60756033286902,-313.2452083096936,236.6450083220596,436.85768790396287
646,6.068449922193109,-225.35977956463486,-70.5519332937046,255.8237102500684,31.164575623956353,-315.4428748915768,236.2376641404746,438.48748924247263
647,6.846476804636353,-225.14760147784153,-69.50681715409969,253.5329610438276,25.166167733503247,-317.81661071618703,235.78784718000722,439.8983799411173
648,7.826299630294674,-224.86304867045664,-68.5265685694043,251.41804474189775,19.807800405600474,-320.3526495041868,235.31511126279443,441.20591603864824
649,9.004538886971726,-224.52504321601506,-67.61341192703097,249.55637626551555,15.293759278135068,-323.02452279419504,234.83717285852612,442.5218241165896
650,10.372095472910743,-224.15114163766037,-66.76745858939792,248.02047866188343,11.830365404668573,-325.7928511271803,234.36929561798482,443.94918758492406
651,11.914260990209339,-223.75697389891585,-65.98680408696292,246.87572580755307,9.618729323976586,-328.60567567134217,233.9237967561755,445.5780926282533
652,13.610972772335737,-223.35578908221623,-65.26768734488739,246.17805629673342,8.847316358022402,-331.3993495825244,233.50968430557361,447.4818806285233
653,15.437210890351011,-222.9581145572681,-64.60470393520315,245.97174280861162,9.684605540232944,-334.0999808536715,233.13242965621583,449.7141235407568
654,17.363530788921835,-222.5715313269859,-63.99106430277667,246.2872993616027,12.272124404012933,-336.62539092348095,232.79387537250423,452.3064050183542
655,19.356721579225457,-222.20056448143117,-63.41888710792434,247.13960438715094,16.71812996394149,-338.88752732216915,232.4922742080635,455.26695556825365
656,21.380576430128922,-221.8466844539553,-62.87951731813356,248.5263109351026,23.092183360571877,-340.795245354993,232.22245170210903,458.58015681801714
657,23.3967580295215,-221.50841213786225,-62.36385847184938,250.4266069610957,31.420833044708807,-342.257354261111,231.97608181428396,462.20689967212354
658,25.365738832026643,-221.18151886860292,-61.8627085486887,252.80037884322041,41.68458055475397,-343.1858082715597,231.74206270760894,466.0857546707342
659,27.247792884736842,-220.85931070095594,-61.3670890959406,255.58782024671254,53.816255560345006,-343.49891322642856,231.50697792975205,470.13489064188826
660,29.004013594965233,-220.53298516178086,-60.86855776869276,258.7095164914348,67.70087471940818,-343.12441544192626,231.25562677573478,474.2546597906617
661,30.59733009446327,-220.192047642106,-60.359495271237286,262.067022166667,83.17700395541789,-342.0023416921899,230.97160649385782,478.3307535440052
662,31.99349406201168,-219.8247738174172,-59.8333587363906,265.54393748147334,100.03958804518996,-340.0874675811121,230.6379282409686,482.23782347754315
663,33.16200907471438,-219.41870396136514,-59.28489473580863,269.00747720039476,118.04415710053932,-337.3513059835005,230.23764831495868,485.8434549964766
664,34.07697571729435,-218.96115466693686,-58.71030637319512,272.31051512038994,136.91226896400948,-333.7835270333563,229.75449613455638,489.01237743917704
665,34.71782767632322,-218.43973324428902,-58.10737033004372,275.2940766591036,156.33800207995475,-329.3927454051071,229.1734806598343,491.6107921838784
666,35.06993683038866,-217.84284001411697,-57.47550131764902,277.7902417927299,175.99527722891537,-324.2066381212235,228.48145754959867,493.5106995493126
667,35.125068931126435,-217.1601440509685,-56.81576305471068,279.62540986982333,195.54576040239976,-318.2713852984741,227.66764050717666,494.59410545017937
668,34.88167577662542,-216.3830187437143,-56.1308265313904,280.6238665309278,214.6470842124437,-311.65045551977335,226.7240420209849,494.7569900090231
669,34.34501458668249,-215.50492474678296,-55.42487789524609,280.6115812286168,232.96112198682678,-304.42278544062265,225.64583092666174,493.9129232223572
670,33.52709038869665,-214.52172939125447,-54.70347978291314,279.42015220452754,250.16205669599833,-296.68042849994146,224.4315967565011,491.9962181242908
671,32.446422484611645,-213.43195340585027,-53.97339124384631,276.8908051160769,265.94400493375923,-288.5257689482373,223.08351364518592,488.96452033494137
672,31.12764131911297,-212.23693788434952,-53.24235245741654,272.8783428825209,280.0279826083428,-280.0684137492011,221.6073995791718,484.80074479874196
673,29.60092704433313,-210.94092677682957,-52.51884121455753,267.25493880395084,292.16803175876663,-271.42188560189044,220.0126698976156,479.5142860733878
674,27.901305557823665,-209.55106268352412,-51.81180865626253,259.9136635079236,302.15636483969416,-262.7002452065265,218.31218704923273,473.1414476771983
675,26.067821669172897,-208.0772963575273,-51.13040199671063,250.77163943997994,309.8274217918234,-254.0147700984599,216.52201162418052,465.7450583868311
676,24.1426122300497,-206.53221314405576,-50.4836818410299,239.7727247340128,315.0607742945337,-245.47081119127805,214.661062655541,457.4132683180527
677,22.1699044086976,-204.93078260705204,-49.880341326397385,226.88964129400932,317.78284915524284,-237.16493703595634,212.75069813839525,448.25754420969747
678,20.19496574741891,-203.2900405732325,-49.32843389955379,212.12547933332164,317.9674775512018,-229.18246033794713,210.81422946522727,438.4099105131119
679,18.26303332295195,-201.6287154071923,-48.835116210829675,195.5145316406168,315.63530787962765,-221.59542231158102,208.8763857432596,428.0195095190653
680,16.4182493937468,-199.9668123520471,-48.40641224289368,177.12243435884727,310.85214671588295,-214.46108905085777,206.96274559766087,417.2485786507968
681,14.702630407516992,-198.3251712075621,-48.04700422657008,157.0456157556262,303.7263145852624,-207.82099146440646,205.0991550409367,406.2679650660328
682,13.15509511819679,-196.7250133711732,-47.76005508658191,135.41007888878252,294.40512097881253,-201.70051765167355,203.31115020933893,395.2523157612904
683,11.810575831318708,-195.18749417474677,-47.54706620746961,112.36956668680187,283.07057661105165,-196.10904493743718,201.62340311226487,384.375094489547
684,10.699234524471498,-193.73327549360266,-47.4077733478599,88.10317718387547,269.9344708421329,-191.04057899666682,200.05920704353187,373.8035842066075
685,9.845802812760104,-192.38213197810322,-47.34008267399978,62.81251105121016,255.23294902205603,-186.47485026795974,198.6400161964015,363.694034967849
686,9.26906144950979,-191.15260223045803,-47.340048197074594,36.71844216979953,239.22072873568143,-182.37880367177144,197.3850515944453,354.1871121599922
687,8.981471337892875,-190.06169400442087,-47.40189137669288,10.05760441413798,222.1650959508434,-178.70840685274837,196.31098288040124,345.40378918298205
688,8.988964063227346,-189.12465011670722,-47.5180632664884,-16.92131571475283,204.33982227901663,-175.41069492547595,195.43169286119993,337.44181321374276
689,9.290895911324807,-188.35477927322628,-47.67934929635689,-43.9613996451309,186.01914316367294,-172.4259660442222,194.75812902513084,330.37285373194123
690,9.880165272515567,-187.76335350603878,-47.875016485987935,-70.801361953233,167.47193368663434,-169.69004192431584,194.2982435628123,324.2404221688286
691,10.743489271277035,-187.35957146626902,-48.093002372676786,-97.17940606846723,148.9562133717565,-167.13651046587697,194.05702075501722,319.0586281014639
692,11.861831494765035,-187.15058450659055,-48.32014417539612,-122.837030511363,130.71410331752102,-164.69887353164467,194.0365879958102,314.8118133046774
693,13.210968899863023,-187.14158045672565,-48.54244590670685,-147.5227578832513,112.96734781135142,-162.31253132843503,194.23640437293093,311.4550800054502
694,14.762182367938598,-187.3359184083271,-48.74538044845618,-170.99576740888412,95.91349816231858,-159.9165452739787,194.65351881503253,308.91570413487557
695,16.48305197479618,-187.73530671620802,-48.9142229064877,-193.02941586737649,79.722839032537,-157.45513311075564,195.28288833609278,307.0953985386081
696,18.33833501229244,-188.34001565372392,-49.03441062396023,-213.41463099546604,64.53611750593933,-154.878862737577,196.11774567527576,305.87336544332254
697,20.29090242631051,-189.14911557409198,-49.09192407024746,-231.96315644896924,50.463113145515,-152.14552427933359,197.1500045099173,305.11005276924095
698,22.302707881155758,-190.16073102120538,-49.0736816977163,-248.51061940108832,37.58206409321169,-149.220672971679,198.3706894919031,304.65150625525627
699,24.33576317046016,-191.37230110590937,-48.9679409952198,-262.9193825104639,25.93994060898663,-146.07784819599198,199.770377796144,304.3341900850089
700,26.353093967818594,-192.7808366310922,-48.76469736829827,-275.0811330159707,15.553534025863446,-142.69848610984837,201.33963869263252,303.9901338940207
701,28.31965067334372,-194.38316480079507,-48.456072054729795,-284.9191545135401,6.411306559338698,-139.07155443685252,203.06945772891717,303.4522545144046
702,30.203150264766457,-196.17615281028313,-48.03668002998075,-292.3902224957375,-1.5240736079558157,-135.1929478126711,204.9516323749229,302.55969699870553
703,31.97482674096007,-198.1569022149689,-47.50396879081962,-297.4860635247088,-8.312606346345506,-131.06469032210137,206.97912650912644,301.16304136641673
704,33.61007016457261,-200.32290676425978,-46.85851893770358,-300.2343201712421,-14.033352921057896,-126.69399811736456,209.146371988717,299.1292287588461
705,35.08893752371397,-202.6721673873971,-46.10429742698997,-300.6989694757061,-18.780471023625648,-122.09225884725812,211.4495067515136,296.34607255456064
706,36.39652244073319,-205.20325926327575,-45.24885416431913,-298.9801512172536,-22.659021732874095,-117.27398566892106,213.88654043237509,292.72623549250034
707,37.52317485814899,-207.91534742868828,-44.303452464093326,-295.21337301221854,-25.780681883585636,-112.25580163296317,216.4574403706872,288.2105718399946
708,38.46456605370551,-210.8081491874518,-43.283124160090615,-289.56807142945144,-28.25949386916446,-107.05550523593803,219.1641331949885,282.77075304820175
709,39.221598666183354,-213.88184359246688,-42.20664100867788,-282.24552117112535,-30.207778989006048,-101.69126017674469,222.01041985504008,276.41111521050397
710,39.800165873843106,-217.13693021943982,-41.09639538605153,-273.4760972098892,-31.732330498147043,-96.18094226808756,225.00180475929176,269.16968611860625
711,40.21076840665645,-220.57404098965162,-39.9781849635021,-263.51590693280923,-32.930989109207665,-90.54166453496177,228.14524218187677,261.1183680009066
712,40.46800251825686,-224.19370976585472,-38.8808979780902,-252.64282034657882,-33.88968757497361,-84.78948829223177,231.4488051114615,252.36226852412238
713,40.58993612877828,-227.99610491314274,-37.83609795105424,-241.15193617337587,-34.680033001117266,-78.93931406862802,234.92128323955367,243.03818716037998
714,40.59739383629468,-231.98073014374526,-36.87750934251033,-229.35053064799308,-35.35747657200506,-73.00493250415278,238.57171794349793,233.3122769546463
715,40.513174244011715,-236.146098937245,-36.04040871897518,-217.5525448627276,-35.960101206361145,-66.99920281531207,242.4088830693279,223.37691393734974
716,40.36122497788748,-240.48938784934506,-35.36092946305511,-206.07267662340547,-36.508038960582255,-60.934316060659114,246.4407212292138,213.44681900536963
717,40.16580179539875,-245.0060741878169,-34.87529167803859,-195.22015493467057,-37.00351227525298,-54.82209300197638,250.67374624512541,203.75449109798745
718,39.950638261863176,-249.68956374737286,-34.61897258182625,-185.29229006530187,-37.431476718528174,-48.67426237949417,255.11242317669155,194.54502670607533
719,39.73815163607681,-254.5308144515446,-34.62583628235044,-176.56790970335382,-37.76082783876728,-42.50266526997661,259.75853797699267,186.07041941930115
720,39.54870903903726,-259.51796201388817,-34.927245231176066,-169.30081123682146,-37.94612114452813,-36.31933508955205,264.6105694013956,178.58345382971865
721,39.399975902304526,-264.63595447705,-35.551178499147014,-163.71338010230843,-37.929742158995055,-30.13641076259326,269.66307670143703,172.33132937620636
722,39.30636615082584,-269.86620392089344,-36.52138386134083,-159.9905422372673,-37.6444531120136,-23.96585236104677,274.9061180223686,167.54916974061166
723,39.27861042285484,-275.18626560036364,-37.8565911889057,-158.27423253881477,-37.016234403827845,-17.818943536692867,280.32471609817907,164.45359004679665
724,39.32345481950773,-280.56955695840287,-39.56981374377288,-158.6585686895441,-35.967332813816284,-11.705582372516917,285.8983894854916,163.23650536220697
725,39.44349839015007,-285.985131099091,-41.667761889130716,-161.18591915166928,-34.419424773535994,-5.633380655801157,291.6007689978789,164.0593683100671
726,39.63717302507246,-291.397521272117,-44.15039083281167,-165.84404470832177,-32.296801935908604,0.39339027639958424,297.39932013548287,167.04802005115172
727,39.898864797085615,-296.7666746264021,-47.01060052287881,-172.56447457200136,-29.529487606780595,6.374952261417145,303.25519309901864,172.28832724077182
728,40.21917120483892,-302.04799472761135,-50.23410172769799,-181.22225132873936,-26.056196085884785,12.317202498728287,309.1232222238152,179.82275815278638
729,40.58528435796366,-307.19251266555005,-53.79945764667405,-191.63714475687317,-21.82705231188375,18.232845090515063,314.9520959308475,189.6480247890725
730,40.981485993187135,-312.1472054878634,-57.67830515281467,-203.57639397124348,-16.805996214146987,24.142384602175117,320.6847160525219,201.71388565020223
731,41.38973636631582,-316.8554779331945,-61.83575409707272,-216.75899166936065,-10.972804709495426,30.074891249038945,326.2587614061448,215.9231674777249
732,41.79033561701726,-321.2578191760335,-66.23095736586703,-230.86147490135718,-4.324674258261678,36.068448763681296,331.60746497825755,232.1330254666132
733,42.162633375382015,-325.29264087992294,-70.81783914726563,-245.52513533185456,3.122681821810185,42.17020221859181,336.66060749186124,250.1574219686455
734,42.48576048760343,-328.8972964186632,-75.54596460257262,-260.3645103093853,11.334454833486388,48.43593404716191,341.34572270732315,269.7707651905241
735,42.739355989332516,-332.0092736090118,-80.36153092058272,-274.97696646476174,20.256701882132067,54.9291119185241,345.5895015561235,290.71261334377255
736,42.904262808429145,-334.56754482648296,-85.2084572151752,-288.95314226163873,29.816855207964853,61.71937168745568,349.31937320775125,312.69331755183987
737,42.963166960701386,-336.5140494315003,-90.02954847611039,-301.8879764160327,39.92477594307715,68.88042226239378,352.46523181702236,335.4004495843211
738,42.901157145772665,-337.7952746228714,-94.76770649568307,-313.39201561536424,50.47433619264922,76.48738683180942,354.9612685330944,358.5058382345209
739,42.70618480336248,-338.36389261815793,-99.36715825869528,-323.10266667265734,61.34549986860215,84.61362608090297,356.7478598318056,381.67301984889554
740,42.36940908003348,-338.18040475392127,-103.77466986378809,-330.695034287925,72.40685739368581,93.3271229630607,357.7734557576495,404.5648926997414
741,41.88541678509946,-337.2147370054038,-107.94071220805645,-335.89196647989434,83.51855223556181,102.686543907799,357.9964056837132,426.85135093926334
742,41.25231383921043,-335.4477268728016,-111.82054422196913,-338.47291842235194,94.53551934901648,112.73712622585779,357.38665519208405,448.21666309224446
743,40.47169115301175,-332.87243894290424,-115.37518089847111,-338.2812470891467,105.31093925574959,123.50657371438793,355.92724603046594,468.3663559425064
744,39.54847354117527,-329.49524620086135,-118.57221652917144,-335.22956990795973,115.6997994430213,135.00116956723335,353.6155521182571,487.0333720213915
745,38.4906647150814,-325.3366169545839,-121.38647776406589,-329.30286554075604,125.56244919087516,147.20233477677704,350.46418858737906,503.9832919129725
746,37.30900450436085,-320.4315536046381,-123.80048578088284,-320.55906614664855,134.76803543392566,160.06386792547713,346.5015382103525,519.0184530481397
747,36.0165563951757,-314.82963965377155,-125.80471185867525,-309.12698694017246,143.19771456989906,173.51009503541385,341.7718504873675,531.980853222834
748,34.6282445458046,-308.59466499291125,-127.39761615183666,-295.20155673115784,150.74754576547176,187.4351329638684,336.3348829472624,542.7537957946091
749,33.16035994771053,-301.80381587151714,-128.58546560990257,-279.03644672617787,157.3309827760256,201.7034253732063,330.2650712574437,551.2623087446143
750,31.630055485753868,-294.54643403571794,-129.38193382129626,-260.9343367989805,162.88089222406649,216.15164787320822,323.65023361876246,557.4724445041356
751,30.05484924228302,-286.9223681198945,-129.80749292675506,-241.2351992835165,167.35103702279966,230.5920027724009,316.5898344992927,561.3896329621184
752,28.452154267461147,-279.0399582694471,-129.88861527861502,-220.30310865173803,170.71697598511653,244.81684058312277,309.1928517467525,563.0563063950133
753,26.83885098327997,-271.01371103021404,-129.6568097662442,-198.51218875418311,172.97634688112672,258.6044627879551,301.5753083055274,562.549032853194
754,25.230915334864203,-262.9617349505876,-129.14752436994027,-176.23237617539544,174.14852176872577,271.7258859995573,293.85754429549496,559.9753787786283
755,23.643111918439367,-255.00301765794805,-128.39895233422817,-153.81570048969846,174.27365010648475,283.952287750555,286.1613166167675,555.4706753090547
756,22.088756989545885,-247.25463214960024,-127.45078406335422,-131.58375659746852,173.41113491911392,295.0628127526965,278.6068212118134,549.1947976531471
757,20.579551998390613,-239.8289634619866,-126.34295003521278,-109.81697339016287,171.63761678433136,304.8523971748629,271.30973730861274,541.328999738265
758,19.12548458547497,-232.8310465921445,-125.11440138900062,-88.74617427386212,169.04456590913108,313.1392669359949,264.3783931312563,532.0727917166693
759,17.73479109451312,-226.35610258723335,-123.80197416474151,-68.5467892363275,165.73560081646056,319.77178258441165,257.9111486581351,521.6408137547634
760,16.41397267391203,-220.4873523098264,-122.43938022400404,-49.335926687602225,161.82366098069917,324.63433580451755,251.99408311230513,510.2596466566106
761,15.167855782108335,-215.2941768203381,-121.05636242237802,-31.172356937186535,157.42815912302612,327.6520483609737,246.6990631110065,498.16450474669386
762,13.999687150825721,-210.83068003791993,-119.6780436671213,-14.059306984691684,152.67222686715954,328.7940804786858,242.08225216203317,485.5957739008855
763,12.91125284696142,-207.13469400851992,-118.32448954481028,2.0501743485323343,147.68014611721813,328.075419196142,238.18310425257187,472.7953825050296
764,11.903010984100048,-204.22725043347174,-117.01049302809639,17.24564514357548,142.57502987304957,325.55708500642925,235.02386460991303,460.0030208874673
765,10.974227926401184,-202.112524753255,-115.74557827210326,31.6499581175733,137.4767831362725,321.3447640047927,232.60958032245475,447.4522515748661
766,10.123108647144663,-200.77824182540388,-114.53420962434122,45.40874716105454,132.50034062524588,315.5859396066523,230.92860353280238,435.3665754284026
767,9.3469134486708,-200.19651606729516,-113.3761826039339,58.67929762035323,127.75414700920716,308.46565938221903,229.95355166367887,423.9555351074287
768,8.642055588670717,-200.3250847330288,-112.267166472077,71.61939890262687,123.33882082303468,300.20112542543563,229.64267373224052,413.41094647165323
769,8.004177270353363,-201.10888123164142,-111.19936343495849,84.37675954531866,119.34592795386884,291.035338098246,229.941559794664,403.9033511965033
770,7.428204491076968,-202.48188620859332,-110.16224739199995,97.07951547681277,115.85678648533126,281.23005093556986,230.7851219625686,395.57878226998866
771,6.908383958187567,-204.36918758773476,-109.14334517831287,109.82828462776207,112.94123258188652,271.05830806602097,232.09977012815187,388.5559311329845
772,6.438307433518303,-206.689177088435,-108.12902519067026,122.69011984748578,110.6562966176235,260.79683507720574,233.80570352698447,382.9238034576468
773,6.010930435776351,-209.355810054227,-107.10526182366155,135.6945932843852,109.04476816428418,250.7185413306992,235.81924054000842,378.7399505009998
774,5.61859323838364,-212.28085767926865,-106.05834874514778,148.83211638182655,108.1336647412467,241.08536856960518,238.05511336932548,376.02936253941607
775,5.253052541578907,-215.3760855675181,-104.97553905656021,162.05446884293005,107.93265847052527,232.14168994254024,240.42866082467648,374.784105597073
776,4.905532100328256,-218.55529958634793,-103.84559535760293,175.27738625385365,108.43255260592662,224.10842812959547,242.8578608640228,374.96376702051606
777,4.566799980654867,-221.7362087219001,-102.65923749924107,188.38494808049077,109.6039319408755,217.17802380050458,245.26515429129816,376.4967452681148
778,4.227278881840135,-224.84206455417063,-101.40948030120234,201.23542264731915,111.3961333790248,211.51034843763875,247.579021642536,379.2823745856589
779,3.877193942008111,-227.80304744056832,-100.09185765672238,213.66816845962413,113.73669235083274,207.22962030983132,249.73528624224195,383.1938218986159
780,3.506759720100972,-230.55737999398366,-98.7045332178624,225.51116416825542,116.53141532715689,204.42235022978977,251.67812721049756,388.0816416967056
781,3.106404965306716,-233.0521585754391,-97.24830128748872,236.58874211968566,119.66520783397208,203.13631538759446,253.36079652441077,393.7778356811606
782,2.667030684510766,-235.24390301467128,-95.72648469574129,246.72912972572274,123.00375199750748,203.38053541816936,254.7460438654182,400.10024424648776
783,2.180294072556337,-237.098833353769,-94.14473936944995,255.77145378681433,126.39608009865174,205.1262049779966,255.80626169777946,406.85709752436463
784,1.6389082146503895,-238.59288977113803,-92.51077805985007,263.5719291784112,129.67803451758996,208.3085210910098,256.5233705604311,413.8515711333328
785,1.0369452958050254,-239.71151772219986,-90.83402824325363,270.00902832608006,132.67654434659198,212.82933056363498,256.88847065846363,420.88621988575187
786,0.3701295012276011,-240.44924459559286,-89.12524140562319,274.98750525106493,135.21458984766375,218.5605117852516,256.9012903342963,427.7671948537288
787,-0.3638950390038009,-240.80907688333048,-87.39607254423233,278.44122188197656,137.11667283169686,225.3479951201303,256.56946485740633,434.30817939331723
788,-1.1653358211123341,-240.80174830355233,-85.65864949390695,280.3347898537208,138.214568457651,233.01631600160025,255.90768039227908,440.33400342018786
789,-2.032076446157602,-240.44484990701056,-83.92515136388764,280.66409430181943,138.35310548634934,241.37358439666085,254.9367182950798,445.68390991236924
790,-2.9595653349788464,-239.7618731115842,-82.20741392465533,279.4558048186927,137.39570994839454,250.21674378844432,253.6824341967184,450.2144531564247
791,-3.940777517880285,-238.78119568950137,-80.51657744187483,276.76600213178125,135.2294521853377,259.3369830844748,252.17470458151868,453.80200668220886
792,-4.966255747158634,-237.53503887542888,-78.86278946729693,272.6780583403732,131.76935832397908,268.52515718209827,250.44637075363434,456.3448534964476
793,-6.024234525992709,-236.05842120858586,-77.25497160396569,267.2999063501925,126.96178206681464,277.5770677445564,248.53220647426087,457.76482567396494
794,-7.10084785480366,-234.38813189720406,-75.70065546430902,260.76082405795194,120.7866780207789,286.29845630875997,246.46793161973653,458.00845744690827
795,-8.180418545141785,-232.56174371284192,-74.20588927813073,253.2078447454981,113.25867023770068,294.50956793038876,244.28929035090746,457.04761740167214
796,-9.245823881572031,-230.61668281072963,-72.7752131978902,244.80189065788807,104.42686597736726,302.0491553727595,242.03120870512723,454.87959194325316
797,-10.278929294874349,-228.58937046660085,-71.41169844635718,235.71371479352933,94.37342195674259,308.77781106913955,239.72704329891184,451.52660367278315
798,-11.261078628582133,-226.5144494767458,-70.11704306806047,226.1197284918748,83.21092574122524,314.58053611411515,237.4079299178001,447.0347639982557
799,-12.173626634960822,-224.42410574940706,-68.8917150810234,216.1977902569983,71.07870585567206,319.3684815660073,235.10223800706518,441.4724779685978
800,-12.998496759832056,-222.34749338625903,-67.73513217895355,206.12303393394146,58.1382282898699,323.0798264071321,232.83513440915766,434.9283394304629
801,-13.718745555956115,-220.3102695252569,-66.64586587867717,196.06382027998828,44.56777245097048,325.67978746596174,230.62825737802675,427.50857437626297
802,-14.319114637732085,-218.33424354045937,-65.6218573855764,186.17790289023205,30.556605035021914,327.1597881927064,228.49950018079016,419.3341080763315
803,-14.786551791899154,-216.437143578667,-64.66063266350895,176.60890495213994,16.298885214855925,327.53584411247886,226.4629022397585,410.53734591581616
804,-15.110684065876042,-214.63250135991916,-63.7595052092783,167.4832053343401,1.987539042367903,326.84625174770184,224.5286442411204,401.258767875599
805,-15.28422702051642,-212.9296535272991,-62.91575658307562,158.90732960295276,-12.191664419443457,325.14869342738876,222.70314169719262,391.64344179729545
806,-15.303315954720201,-211.33385489307105,-62.12678656372508,150.9659329820863,-26.065617105872168,322.5168912774876,220.98922930966603,381.8375607897652
807,-15.167746877297285,-209.84649609748323,-61.39022674412524,143.72044790885644,-39.47876028348612,319.03695851683716,219.3864264990407,371.9851054934622
808,-14.881117270959894,-208.46541571999646,-60.704013382371116,137.2084489814641,-52.29719045769202,314.8036039722881,217.89127285212095,362.22472282571135
809,-14.450859312429449,-207.18529481171964,-60.06641735306374,131.44376351771217,-64.41185072810563,309.9163459177612,216.4977210461496,352.6868999933909
810,-13.888161335361312,-205.99812011503042,-59.476031270415405,126.4173279164681,-75.74071438462637,304.4758838971871,215.1975740723638,343.49149696990213
811,-13.207776948570713,-204.89370088427572,-58.93171649558396,122.09876025319967,-86.22990937878892,298.58076264752873,213.98095335503277,334.7456834462989
812,-12.427725053124316,-203.86022324009244,-58.43251559508629,118.43858990804861,-95.85377549516451,292.3244416649315,212.83678456311813,326.5423085843908
813,-11.568887652343207,-202.88482540110337,-57.977538252939404,115.37105728792466,-104.61388881320265,285.7928587720098,211.75328831409809,318.95871454789216
814,-10.654515655269034,-201.95417696961402,-57.56583019249198,112.81737237649219,-112.53712849965571,279.0625478136353,210.71846343757184,312.055988234193
815,-9.709655885691523,-201.0550457808055,-57.19623537324645,110.68930115761141,-119.6728971992787,272.1993409450114,209.7205511016945,305.87863009717506
816,-8.760515232474104,-200.17483675655993,-56.86726182505895,108.89293490904541,-126.08963651239652,265.2576565018147,208.74846909158967,300.4546046616646
817,-7.833780194261598,-199.30208873731476,-56.57696106805243,107.33248980272518,-131.87080179872402,258.28034574270515,207.7922069035021,295.7957247650535
818,-6.955911861666729,-198.42691723119123,-56.32283010602595,105.91398391719049,-137.11047487011027,251.29904729195624,206.84317391682484,291.89831160468
819,-6.152437553679634,-197.5413931538078,-56.10174337003185,104.54864621232012,-141.90879866676462,244.33497811025362,205.89449445999279,288.74406648580396
820,-5.447260727742784,-196.6398497593273,-55.909919703155474,103.15592732528715,-146.367415004087,237.40007515473454,204.94124493478296,286.30108883468233
821,-4.862010223812184,-195.71911213151466,-55.74292681062421,101.6660045665584,-150.58507580477252,230.49839300247913,203.9806294318731,284.52497914002475
822,-4.41544836813631,-194.77864593967288,-55.59572306178575,100.02170171903205,-154.65358131091645,223.62765966033197,203.0120917102453,283.3599748271587
823,-4.122955206131099,-193.82062459626582,-55.462734441193824,98.1797759765157,-158.65417731901596,216.78089529722192,202.03736304290538,282.74008068601125
824,-3.996103497696352,-192.84991622247387,-55.33796283250546,96.1115570891265,-162.65451917451477,209.94800612362022,201.0604470224744,282.5901717871188
825,-4.042336323729272,-191.8739937792026,-55.21512063667063,93.80295507203152,-166.7062844860568,203.117277195497,200.08754382050796,282.82706390402615
826,-4.26475628767045,-190.90277344155248,-55.087785922094604,91.25388057252876,-170.84349028972514,196.2767024188932,199.12691767790352,283.3605623780118
827,-4.662032282258219,-189.94838795050714,-54.949571773785884,88.47714458315986,-175.08154443412224,189.4151063627897,198.18871270549513,284.0945135094743
828,-5.228426524238787,-189.02490330426917,-54.794303202352275,85.49692068929828,-179.41703580408665,182.52302967629134,197.28472341986375,284.9278918784647
829,-5.953941055935765,-188.14798867189472,-54.616194991480725,82.34686319384166,-183.8282440431442,175.59336705714034,196.4281277753426,285.75596190699224
830,-6.824579338675401,-187.33455077836754,-54.410024319249914,79.06797860381323,-188.2763269282985,168.62176289366036,195.63319175849213,286.47155217905896
831,-7.822715078576655,-186.60234525274072,-54.17129286327342,75.70634682007967,-192.70712271174276,161.60678392255323,194.91495590156717,286.96647642716135
832,-8.927557107842023,-185.96957849894946,-53.896374267538974,72.31078287621051,-197.05348591205555,154.54989964980325,194.28891526220332,287.1331258876439
833,-10.115696124361564,-185.45451429032107,-53.582644153439944,68.93052126431155,-201.23805876282353,147.45530928833455,193.77070522420308,286.86624459875696
834,-11.361716636710534,-185.0750992012547,-53.22859113256669,65.61299386055303,-205.17636749005928,140.32965832380685,193.37580556647885,286.0648833053284
835,-12.638855820940515,-184.84862009071958,-52.83390841264154,62.40176030804133,-208.78012342225915,133.18168858550612,193.1192745219486,284.6345103811122
836,-13.919690204299158,-184.79140529303476,-52.39956655406257,59.33463737102211,-211.9606040862161,126.02186319950641,193.0155231530464,282.4892411052774
837,-15.176830990473803,-184.9185791004258,-51.92786870291803,56.442061909696136,-214.63198914948498,118.86200261170292,193.07813844887548,279.5541311741285
838,-16.38360929649821,-185.2438765662455,-51.422490110228985,53.745711155590634,-216.7145303999953,111.71496074904856,193.31976111581673,275.7674677393907
839,-17.51473359516163,-185.7795226426464,-50.888503859841975,51.257394197014406,-218.1374437880937,104.59436213064087,193.75202110910442,271.08298247366565
840,-18.546903253098925,-186.53617635082577,-50.33239442881179,48.97822027458966,-218.84142456308152,97.51441201838853,194.38553069225725,265.4719066858917
841,-19.459364027788336,-187.5229373352969,-49.76206001962029,46.89804284504355,-218.78070314371564,90.48978303638468,195.22993146881987,258.9247884244392
842,-20.234393456111157,-188.7474090301112,-49.1868036630901,44.99517356554535,-217.92457880401727,83.53557355911805,196.29398866336118,251.45299556669826
843,-20.8577061385336,-190.2158099154967,-48.61731210479486,43.23635749784064,-216.25838968277148,76.66732607475352,197.5857231336071,243.0898366922153
844,-21.318771079792175,-191.93312202365442,-48.065620630269336,41.57699983752479,-213.78390021396655,69.90108819706384,199.112569285889,233.89124259564144
845,-21.611035533175638,-193.90326398376143,-47.545061314675,39.961634890070975,-210.51911003860963,63.25349544579905,200.88154528287671,223.93596503943112
846,-21.73205217475942,-196.12927450137744,-47.070191678564825,38.32462917866685,-206.4975109488924,56.74185350792163,202.89942068544403,213.32526500283805
847,-21.683508853108776,-198.61349124625113,-46.656700380033506,36.591111970250616,-201.76683946246877,50.384198335339555,205.17286594526038,202.1820792893698
848,-21.47116248585802,-201.35770963897957,-46.32128640738447,34.67812802511823,-196.38739122207716,44.1993148543734,207.70856791153258,190.64967090360605
849,-21.10468069696795,-204.3633059936063,-46.08150825802215,32.4960091597551,-190.4299786931346,38.206698854106406,210.51329571476805,178.8897842056944
850,-20.597396404020877,-207.63131003529335,-45.955599701467314,29.949963345855313,-183.9736249300412,32.42645126101415,213.59390214510177,167.0803397322375
851,-19.965981871328264,-211.1624131610755,-45.96224882420886,26.9418823179103,-177.10309301849168,26.879098937119025,216.95724712618443,155.41271504257824
852,-19.23004992285411,-214.95690101591936,-46.12033722808713,23.372370415918418,-169.90635283964883,21.58534091178597,220.61003220410112,144.08866638968203
853,-18.41169114808805,-219.01450194401295,-46.44863678958175,19.14299774522926,-162.47208387608634,16.565723304744985,224.55853812696313,133.31695095146452
854,-17.53495698133896,-223.3341465403046,-46.965462509560126,14.158778698760418,-154.88730494968686,11.840249982418879,228.80826152451434,123.30971058887147
855,-16.625299438991487,-227.91363775757597,-47.68828168440302,8.330871599097748,-147.23520942824055,7.427939149835097,233.36345129111234,114.27867588669653
856,-15.708979123553101,-232.7492356456834,-48.633281826449696,1.579486033829448,-139.59326837474012,3.3463386106045614,238.226550348215,106.43124454529863
857,-14.812453886975046,-237.83516558957095,-49.81490243606972,-6.163029092628878,-132.031645632468,-0.38898566061907874,243.39755379978422,99.96648276106613
858,-13.96176115568165,-243.16306369787688,-51.24533880571479,-14.948961860631126,-124.61194956706213,-3.7649717216898,248.8732999018618,95.07109426217966
859,-13.181907182635875,-248.72137767710655,-52.93402927016244,-24.81194524365431,-117.38632777184941,-6.771578183513807,254.6467155821683,91.91540113747175
860,-12.49627638943488,-254.49474598079144,-54.88714038827744,-35.76368881646472,-110.3968948202015,-9.402278830063542,260.7060432706903,90.64938456384417
861,-11.926073605789135,-260.4633819817714,-57.107067221845476,-47.79085200058901,-103.67546996570186,-11.654520161134895,267.0340802353105,91.39884180856792
862,-11.489811502715115,-266.6024929870191,-59.591968035394245,-60.852200024967324,-97.24359192587926,-13.530128459732047,273.60746505404546,94.26172718862536
863,-11.202854857132264,-272.88176574647355,-62.33535422981171,-74.87620216468736,-91.11277156149407,-15.035655342930418,280.3960479229367,99.30475713344603
864,-11.077032413701613,-279.2649505795841,-65.32575692308981,-89.75924233562097,-85.28494016765359,-16.182653384561203,287.3623820269366,106.56037118599149
865,-11.120325948336003,-285.7095754723825,-68.54649111492935,-105.36461249471355,-79.75305087654021,-16.98787588908767,294.46137225772446,116.02415016100629
866,-11.336644653748225,-292.16681963810197,-71.97553681286563,-121.52244811594007,-74.50179294189694,-17.473396870646333,301.64011529145927,127.65279884786192
867,-11.725691216137777,-298.5815731101145,-75.58555403866454,-138.03074196952895,-69.50838308580072,-17.666648483683023,308.83796149987415,141.36280320121702
868,-12.28292409809745,-304.8927048559735,-79.3440454929642,-154.65753849174064,-64.74340434829918,-17.60037338450384,315.9868243145517,157.0298706334862
869,-12.99961873726889,-311.033556541811,-83.21367700039058,-171.14436842191506,-60.17167059623296,-17.312488680917742,323.0117564099296,174.48925619589298
870,-13.863028559870079,-316.9326723053018,-87.15276182504515,-187.21093517403295,-55.75310331849923,-16.845856297778298,329.8318043138626,193.53706601747882
871,-14.856644667551379,-322.5147666428152,-91.11591050640207,-202.56101370561544,-51.443615570091445,-16.247951987301725,336.36114371348907,213.932611193015
872,-15.960550596717617,-327.701923061758,-95.05484258878799,-216.88947166014802,-47.196004915289315,-15.570422259798923,342.5104869669687,235.40185965241452
873,-17.151865612897826,-332.415006390028,-98.91934995127106,-229.89027193254313,-42.96086225601715,-14.86851581297086,348.1887429033262,257.64200019331315
874,-18.405266717586677,-336.5752627541008,-102.65839342745261,-241.26526455363884,-38.68750630241363,-14.200374497838803,353.30489805376294,280.3270917121958
875,-19.693576307940837,-340.10607383729274,-106.22130582609405,-250.7335221484217,-34.3249543622961,-13.626169681522667,357.77007877647543,303.11472157490743
876,-20.98839970224956,-342.93482574131554,-109.55906623876496,-258.04091631292073,-29.82293942669412,-13.207074307658495,361.49974517093926,325.65354043622347
877,-22.260794735575992,-344.9948468132244,-112.62560326391673,-262.9695738395784,-25.132981320552663,-13.004069927583798,364.41595963381326,347.59147878627164
878,-23.481954385387862,-346.2273626687132,-115.37907908263506,-265.34679713708414,-20.20951572946372,-13.076601776620462,366.44966511921524,368.58438783406
879,-24.623883033493136,-346.5834103827935,-117.78310308863004,-265.0529908783364,-15.011078798115701,-13.481113124006086,367.542901013814,388.3047913582197
880,-25.66004760453389,-346.02564804134613,-119.80782389705321,-262.02811674858765,-9.501536572800516,-14.269511149131253,367.65087895575186,406.45039455489285
881,-26.565986261198113,-344.5299916260005,-121.43085229747281,-256.27620940053293,-3.6513382900217404,-15.48763777523403,366.7438380673727,422.7519789697759
882,-27.319859178757692,-342.08700971680565,-122.63797461474556,-247.86753622740073,2.561238571141628,-17.173836456913893,364.80859991592973,436.98032554559927
883,-27.90292782051035,-338.7030086303801,-123.42362528343571,-236.93807466209782,9.148894268838173,-19.357715822333308,361.8497486649058,448.9518536919079
884,-28.29995102135445,-334.40074680657557,-123.79109850594168,-223.6861123712628,16.114216013044633,-22.05921004611997,357.89037149683656,458.5327421210391
885,-28.49948828083199,-329.2197275412239,-123.75249072690599,-208.36594196983248,23.448750126902336,-25.288022270252263,352.9723081800528,465.64140128166787
886,-28.494103228798277,-323.2160332573664,-123.32837718534194,-191.2788115754639,31.13230210114164,-29.043511836875503,347.15587595714726,470.24928665135724
887,-28.280463232630343,-316.4616819072308,-122.54723607783397,-172.761489738369,39.132532058231746,-33.3150512132146,340.5190559424244,472.3801611059156
888,-27.859334322687054,-309.04350594671894,-121.44464239076218,-153.17298880608706,47.40491232800709,-38.082838519529574,333.15614894277394,472.1080137878018
889,-27.23547391445945,-301.06157519963426,-120.06225997007554,-132.88014455366437,55.89310825651343,-43.3191115084559,325.17593063958833,469.55390264694836
890,-26.41742719623021,-292.6272050207371,-118.4466648166966,-112.24285400513737,64.52983103429769,-48.98967364491863,316.69935667109445,464.88199394302944
891,-25.417236252313238,-283.86060889920026,-116.648035326892,-91.59981486537693,73.2381904245195,-55.0556168379546,307.85688596548994,458.29502496341445
892,-24.25007349347886,-274.88826910839146,-114.71874706082978,-71.25558307781421,81.93354542904227,-61.47511121402135,298.78550507415366,450.02933705627834
893,-22.933812492653626,-265.84010985746676,-112.71191136292641,-51.46967201217327,90.52581414574377,-68.20513102402562,289.6255471547099,440.34954885241774
894,-21.48855004000765,-256.846564445996,-110.67989908178109,-32.448267551476256,98.92216458226511,-75.20299638962005,280.5174066194049,429.5428925535927
895,-19.9360935107201,-248.03563087253156,-108.67289249866153,-14.338943554543823,107.0299714235927,-82.42763086563122,271.59825398073997,417.91322855577346
896,-18.29942775931554,-239.53000897765605,-106.73750966847463,2.771449326511299,114.7598948867506,-89.84046192941717,262.9988546501623,405.7747772947002
897,-16.60217577772636,-231.44440671072118,-104.9155450333301,18.855762223996727,122.02892061536625,-97.4059226997524,254.8405903071417,393.4456463878433
898,-14.86806718388061,-223.88309413547367,-103.2428681727627,33.942632655419196,128.76319589817234,-105.09154584854176,247.2327724504567,381.241270371342
899,-13.120428099603584,-216.93777210225326,-101.74851891451318,48.11008052303375,134.9005072636015,-112.86767246584533,240.27032556399334,369.46790779557375
900,-11.381705025558322,-210.68580885065123,-100.45403155837965,61.477145116049655,140.39226611366968,-120.7068274941871,234.0319025601484,358.4163500064233
901,-9.673033911352588,-205.18888295406435,-99.3730134561858,74.1941677317641,145.2048999056829,-128.58283748855416,228.57847843668873,348.3559881855092
902,-8.01386379280777,-200.49205583747005,-98.51099386343078,86.43234872544022,149.32058339364823,-136.46978450258314,223.95245027995847,339.52936670799994
903,-6.421642150276769,-196.62328241319895,-97.86554847625938,98.37318451315505,152.7372845578767,-144.34090090024796,220.17725388924015,332.14733084981333
904,-4.91156656132131,-193.59335485837195,-97.42669407226691,110.19832682308909,155.4681403544385,-152.16751334038645,217.2574902812212,326.3848626909146
905,-3.4964044086181865,-191.39626261842653,-97.17753668487676,122.0803137957963,157.54021591831594,-159.91814006171322,215.17953974799195,322.37769291570106
906,-2.1863795890279194,-190.0099414719858,-97.09514617948189,134.17451225231218,158.99273521876896,-167.55783440519556,213.91262725719668,320.2197748890535
907,-0.989122575216368,-189.39737589108617,-97.15162043985782,146.61249437325,159.8748994793051,-175.04785018717973,213.4102909501514,319.96170441264803
908,0.09032201102544829,-189.5080120106208,-97.31529413637537,159.49696072870807,160.24343030844327,-182.34568232284914,213.61219555687956,321.61015713107497
909,1.049437751237889,-190.27943336548284,-97.55204077045228,172.89822365586733,160.1599862159502,-189.40551041334868,214.44622501869878,325.1283912197198
910,1.8881369781059447,-191.63924808417843,-97.82661290761105,186.85218644894903,159.68860332956643,-196.17904538247433,215.83078367364672,330.43782572304343
911,2.60862784139357,-193.5071341379996,-98.10396464601067,201.3596977960224,158.89330362658683,-202.61675134231515,217.67723296623063,337.4206596349068
912,3.21525565316532,-195.79698817146613,-98.35050256732184,216.38712742912927,157.8359974641747,-208.66938848177222,219.8923905747453,345.9234514813619
913,3.714325316665,-198.41912316538068,-98.5352165124385,231.8679955010506,156.57478293176547,-214.28979971571195,222.38102086948533,355.7615412588772
914,4.113910456432292,-201.28246073114758,-98.63064910992163,247.70549041490526,155.16271450166076,-219.43484568140704,225.04824956574097,366.72417026544355
915,4.423653541296158,-204.2966653988713,-98.61367250525049,263.77572252180977,153.64708000647855,-224.06738057517498,227.80184120986283,378.580140015109
916,4.654559874843147,-207.37417099951472,-98.46605151131253,279.9315791319724,152.06919066498247,-228.15815593046958,230.55428551418603,391.0838469862962
917,4.818786889120113,-210.4320531181691,-98.17478362282834,296.0070652293247,150.46465616966492,-231.68754085453097,233.22464708919387,403.98153255934795
918,4.92942886103752,-213.39370646124542,-97.7322171717371,311.82203073696604,148.86408797321548,-234.64695506099883,235.7401422579709,417.0175945008201
919,5.0002961797978065,-216.1902917301675,-97.13595864862019,327.1871967530834,147.29415073742723,-237.03992446464875,238.03741595961398,429.94081564525845
920,5.045687833581415,-218.7619231773397,-96.38858845035746,341.9093982939275,145.778865757982,-238.8826870969613,240.06350104266323,442.5103753931243
921,5.080155985429495,-221.05857532995336,-95.49721084272579,355.79695896938824,144.34106164076331,-240.20429851528218,241.77645138698006,454.5015191013725
922,5.11826229601648,-223.0406951985163,-94.4728686888124,368.6651039338438,143.00386634727425,-241.0462096450836,243.14564911939004,465.71076875449774
923,5.1743267216852615,-224.679514442591,-93.32985654893001,380.3413029164821,141.7921399590149,-241.46131520584743,244.15179459924553,475.96056550586934
924,5.262170568660358,-225.95706434468664,-92.08496725022621,390.67041783361003,140.73375765451925,-241.51249664709195,244.78659585537943,485.10324140369863
925,5.394856533088874,-226.86590491466268,-90.75670707781687,399.5195128455006,139.86066585866493,-241.27070878653763,245.05218172796677,493.0242248612715
926,5.58442936202521,-227.40858769901718,-89.36451341176229,406.7821722876413,139.2096498676642,-240.81268279462327,244.96026987831019,499.64439337024663
927,5.841661652588986,-227.59687950044136,-87.92800596196096,412.382166772843,138.82276724746177,-240.21833845256728,244.53112674602735,504.92149880187054
928,6.175810085891093,-227.4507808901087,-86.46629883856589,416.2763121611919,138.74741698803572,-239.56801445782878,243.79236119832467,508.85060648238647
929,6.594387962641486,-226.9973788252127,-84.99739580097621,418.45638124380616,139.0360291624942,-238.93963586982795,242.77759684513038,511.46350987241357
930,7.1029602152857105,-226.2695765558168,-83.53768550900847,418.9499541038133,139.74537347421025,-238.40594182735356,241.525069605072,512.8271085653734
931,7.704967115689921,-225.30474605412235,-82.10154772554817,417.8201294712955,140.93549777338043,-238.03189416197958,240.07619693357893,513.0407684130648
932,8.40158267891567,-224.14334831658962,-80.7010754259208,415.16406425583193,142.66831995005018,-237.8723786997289,238.47416313072654,512.2327181589078
933,9.191613283794219,-222.82756520328792,-79.34591205611517,411.1103590870442,145.0059092611277,-237.97029652597809,236.7625615711962,510.5555753683052
934,10.071441339136667,-221.3999833163215,-78.04319823136659,405.81536052700164,148.00850655618513,-238.35512329255357,234.98412999563746,508.18113311270554
935,11.035018027443499,-219.9023660905769,-76.7976182441975,399.45850158046386,151.7323468682355,-239.04199204971147,233.17960954900042,505.2945745487985
936,12.073908344780317,-218.37454493120265,-75.61153384870195,392.2368472644358,156.22736156579148,-240.03133050385082,231.3867521959987,502.08831184687114
937,13.177390803548173,-216.8534540250693,-74.48519081738333,384.35904801594796,161.5348492695879,-241.30905846135192,229.63949459410247,498.75566590638704
938,14.332613152956892,-215.37232668973803,-73.41698266373218,376.0389283804595,167.68521330781545,-242.84732684921727,227.96730972876657,495.4846119180297
939,15.524804210567606,-213.9600642453614,-72.4037555848764,367.48895071925017,174.69586710737775,-244.60575725286236,226.39474098857553,492.4518122942777
940,16.73754042748824,-212.64078180789213,-71.44113894700475,358.91379375783725,182.56940669002796,-246.53312131397004,224.9411172030888,489.81714331549074
941,17.95306424449653,-211.43352938594555,-70.52388641350328,350.50427474721414,191.29214118430832,-248.56938327216665,223.62044171141753,487.71889662757513
942,19.152649694286765,-210.35218137888384,-69.64621411437626,342.43182347638594,200.83305839873947,-250.64801681002618,222.4414439276572,486.2698037144018
943,20.317009035211903,-209.4054830960819,-68.8021240538211,334.8436882640657,211.14328389492422,-252.69849930900196,221.40777817911427,485.5539931076157
944,21.42673244530113,-208.5972393035311,-67.98570305100519,327.8590203520381,222.15606988197445,-254.6488826236977,220.51835179434465,485.6249488377983
945,22.4627510466527,-207.92662713434623,-67.19138963563033,321.5659458162465,233.78732610811494,-256.4283394580047,219.76776249343342,486.5044968247209
946,23.406811934708788,-207.3886140083182,-66.41420333040965,316.01969511876115,245.9366803235379,-257.96958831895444,219.1468240745273,488.1828057277213
947,24.241952586951605,-206.97446038463,-65.64993263297065,311.2418214093143,258.48903239750825,-259.21110777463485,218.64315910451322,490.6193521196218
948,24.95296104903441,-206.67228701035228,-64.89527977146132,307.2205009374506,271.3165453047699,-260.0990621809701,218.24183762130536,493.7447681888014
949,25.52680765013574,-206.46768663524338,-64.14796193095569,303.91187340678164,284.2809992832191,-260.5888757533046,217.92604156451094,497.4634645152985
950,25.953033797047485,-206.3443608406018,-63.406770011557846,301.24234755426767,297.23642346346224,-260.6464091118228,217.67773566066583,501.6569013162583
951,26.22408382575135,-206.28476365598914,-62.67158689617292,299.1117683951367,310.0319126067165,-260.2487112207553,217.478326750793,506.18736896877095
952,26.33556705336428,-206.2707350081069,-61.94336764133721,297.39731824668917,322.51453510922664,-259.3843388428687,217.30929506494365,510.9021323209451
953,26.286439020031825,-206.28410869695392,-61.224084143518624,295.958004747453,334.53224151621225,-258.05325413943285,217.15278271635773,515.63779284367
954,26.079093324892455,-206.30728138948254,-60.51663684540601,294.63957648170737,345.9366895643399,-256.2663278753089,216.9921266228665,520.224727514903
955,25.719358361557713,-206.32373091878156,-59.824735949847636,293.2797010298826,356.58591131663854,-254.04449007161185,216.8123250321281,524.4914728530847
956,25.216396561285496,-206.31847390719483,-59.15275444148335,291.71324125168417,366.3467593725624,-251.41758140118867,216.6004287626918,528.2689359820168
957,24.58250731522679,-206.27845441364082,-58.50555519481252,289.7774726702604,375.0970815676191,-248.4229668957554,216.34585022994042,531.3943310356553
958,23.832838400994532,-206.19285699646048,-57.88829480466261,287.31709673348297,382.7275862156031,-245.10397853838822,216.04058539623176,533.7147573931408
959,22.985014284878787,-206.05333932509018,-57.306207444320286,284.188920053734,389.1433720856478,-241.50825510721123,215.67934595744407,535.0903549310735
960,22.058692895703285,-205.8541812962776,-56.764372716759524,280.26608716093244,394.2651083920829,-237.68604641984928,215.25960125908588,535.396989632206
961,21.075065260365825,-205.5923495639638,-56.26747199855711,275.44177283764355,398.0298597636697,-233.68854524295594,214.78153162298355,534.5284397680593
962,20.05631475307445,-205.2674785588333,-55.81953847023611,269.6322591368854,400.391559361909,-229.56630401541483,214.24789712219876,532.3980681678607
963,19.025054490953192,-204.88177161158487,-55.423707166522505,262.7793415048776,401.3211401873983,-225.3677856500789,213.66382859536003,528.9399798751407
964,18.003762188126895,-204.4398289645872,-55.08197287672788,254.8520280076856,400.80634043732204,-221.1380884536015,213.03655104774637,524.1096770247725
965,17.01423125159645,-203.94841329709408,-54.794965228377436,245.84751532165149,398.85120385501625,-216.91787505213782,212.37505347696094,517.8842342137311
966,16.07705535497067,-203.4161671761581,-54.56175131158772,235.7914444551485,395.475300589777,-212.74252460117668,211.68972280064682,510.26202798606516
967,15.211161846673237,-202.85329934678114,-54.37967611016616,224.73745749978573,390.71269834027686,-208.64151702828377,210.99196167158678,501.2620631906079
968,14.433407403443931,-202.27125729277952,-54.244249433660656,212.76609335901693,384.6107175729233,-204.63804815872072,210.2938098169432,490.9229467060138
969,13.758246848222335,-201.68240222446815,-54.14908550983259,199.983074638977,377.228508332446,-200.7488657721958,209.60758643080783,479.3015650665266
970,13.19748261056859,-201.09970008109937,-54.08589901592545,186.5170490554345,368.63548935605763,-196.98430924497202,208.9455678181106,466.4715264663276
971,12.760098517101293,-200.53643877623756,-54.044559786101935,172.51685646264085,358.9096924313999,-193.3485296152919,208.3197106059558,452.5214290782079
972,12.452178608621297,-200.00597835706864,-54.013207501230426,158.14839709979128,348.1360556897491,-189.83986275792,207.74142696775903,437.55301639330844
973,12.276909840549186,-199.52153762780836,-53.978426789700585,143.59117848809132,336.4047084406559,-186.45132587786293,207.22141493217984,421.67927650036506
974,12.234666003049774,-199.0960185802743,-53.92548217675547,129.03461836836846,323.8092872084274,-183.17120665550632,206.76954436106323,405.0225363137876
975,12.323167946044158,-198.741868698987,-53.838611214715314,114.67417978518631,310.44531813700985,-179.983714938763,206.39479756994294,387.712594346851
976,12.53771199966554,-198.4709803202062,-53.70137263489482,100.70741226031403,296.4086954014431,-176.86966868337714,206.10526224556148,369.88492735865344
977,12.871455210648339,-198.29462512399556,-53.497044421000574,87.32997002065527,281.7942792505595,-173.8071886995966,205.90817271423407,351.67899766397994
978,13.315743939323943,-198.22342038595698,-53.209064868101464,74.7316742859797,266.69463126871943,-170.77238052523938,205.8099937564789,333.23667955703826
979,13.86047203249921,-198.26732208278975,-52.82150843462428,63.09268142577615,251.1988987280182,-167.7399862721412,205.81653943753935,314.70081553720706
980,14.49445552785692,-198.43563882762695,-52.31958733908533,52.57981219844204,235.39185480160057,-164.68399437738032,205.93311824061186,296.21390617154594
981,15.205811506020295,-198.73706041934548,-51.69016892467267,43.34308936433808,219.35309722887988,-161.5782005297942,206.1646954801058,277.91693181866066
982,15.982328942749906,-199.17969557073135,-50.92229738391969,35.51252214086941,203.15640499578018,-158.39671826413928,206.51606446886663,259.94830032248836
983,16.811820003873525,-199.7711144810182,-50.00770621730739,29.195167091704977,186.8692507021501,-155.1144424188276,206.99201858507988,242.44291217591203
984,17.682442045744235,-200.5183925489561,-48.941305058421705,24.472487335161837,170.55246522956824,-151.70747246331536,207.59751659722,225.53133329607073
985,18.582983537544823,-201.42815151846614,-47.721622248524284,21.398026732174554,154.26005067460048,-148.15350534366397,208.33783340288647,209.33906508362884
986,19.503110261179348,-202.5065942296512,-46.35118390775909,19.995413965472835,138.03913695730998,-144.432208838811,209.21868837035274,193.98590158167625
987,20.433570544522084,-203.75952948166358,-44.83681169640717,20.256713521194843,121.93007691239342,-140.5255864281424,210.24634431447203,179.58536414219938
988,21.366359467999988,-205.1923844334717,-43.1898247152352,22.14114623614254,105.9666739991203,-136.4183433173091,211.42767183940376,166.2442048949199
989,22.294841872090693,-206.81020324505428,-41.42613531314559,25.57421046970523,90.17653606677149,-132.0982605467123,212.7701759551101,154.0619713067076
990,23.213832998971892,-208.6176318341687,-39.566232952887134,30.4472449879428,74.5815479822675,-127.55658011612718,214.28198387145008,143.13062505207037
991,24.119634581953957,-210.61888911182456,-37.63505382882865,36.61748502407814,59.19845550160472,-122.78839907295279,215.9717939745745,133.53420917232384
992,25.010023884547397,-212.81772467902044,-35.66173624731055,43.908672297678876,44.03955264561628,-117.79306494352886,217.8487859861636,125.34855796383472
993,25.88419382217231,-215.2173622035248,-33.679263110840154,52.11228659791941,29.11346500739713,-112.57455917046927,219.92249176731488,118.64104400360738
994,26.74264376035231,-217.8204270232908,-31.723993902574144,60.98946955165169,14.426021709141809,-107.14184971425446,222.20262579519311,113.4703559331426
995,27.587022526391394,-220.6288558549105,-29.835090218757607,70.27370928657892,-0.018791161767138194,-101.5091889918783,224.69887408218267,109.88629889429667
996,28.419927054749444,-223.64378571324087,-28.053841648646237,79.67434691018006,-14.217803257182341,-95.69632919027937,227.42064014113754,107.92960690603095
997,29.24466150163706,-226.865418741127,-26.422902408841544,88.88095128654426,-28.16756782082127,-89.72862410186774,230.3767468745212,107.63175343325916
998,30.064962734990637,-230.29286026998346,-24.985452794338507,97.56858704019172,-41.86321633161111,-83.63698543185721,233.57509451082393,109.01474377197553
999,30.884699438914275,-233.92392917063788,-23.784302353038715,105.40397200396501,-55.29727566494101,-77.4576624591733,237.02227697785477,112.09087169113279
1000,31.707554158141054,-237.75494164594707,-22.860953359137547,112.05248488133877,-68.4584690512303,-71.23181731928679,240.72316167048066,116.86242387193855
1001,32.53670017280599,-241.7804709235655,-22.254644101680025,117.18594261030533,-81.33052887659302,-65.00487417920472,244.6804393622041,123.32131939950355
1002,33.37448709783848,-245.99308541770202,-22.00139248096416,120.49102119598156,-93.89105681861848,-58.825629169043246,248.89415160365112,131.44867757104322
1003,34.22214956311078,-250.3830678219241,-22.13306147894227,121.6781456011139,-106.110474192117,-52.74511883440192,253.36120320798616,141.21431461375653
1004,35.07955220792482,-254.9381186476593,-22.676468571303946,120.49062625021364,-117.951111797438,-46.81525746073557,258.0748686142826,152.57617710971195
1005,35.94498230776282,-259.6430501906911,-23.652560851348603,116.71377490804102,-129.3664930926918,-41.08726704350408,263.0243033466019,165.47972559730033
1006,36.81499934024386,-264.47947999685806,-25.075677190639382,110.1836944320626,-140.30086638489362,-35.60993705918128,268.1940747881056,179.8572852678476
1007,37.68434884078238,-269.42553592870473,-26.952918654120293,100.79540839590464,-150.68904052005107,-30.42776375288728,273.5637294349031,195.6273823803261
1008,38.54594592574569,-274.4555877531615,-29.283648230901587,88.50998079253309,-160.45657419436336,-25.579029735577933,279.10741646730895,212.6940865602426
1009,39.39093183277583,-279.54002270793046,-32.05914005319409,73.36027543487025,-169.5203616937619,-21.093893760683986,284.79358973177966,230.9463826497194
1010,40.208804677086995,-284.6450844597232,-35.26239632873595,55.455021058554934,-177.78964779352364,-16.992567266135246,290.5848117255348,250.25760307514875
1011,40.98762326453564,-289.73279587417704,-38.86814725759465,34.98088236339028,-185.16749180511886,-13.283658327025611,296.43768354051326,270.484963650257
1012,41.71428020828275,-294.7609859375653,-42.8430454705288,12.202289105719547,-191.55268539100504,-9.96276477344404,302.30292381650446,291.4692618473013
1013,42.374837775740126,-299.6834400516051,-47.14606219897022,-12.541156437889239,-196.84211090349243,-7.011396181811488,308.12561761802687,313.03481503148305
1014,42.954916898174965,-304.4501907423673,-51.729087456704114,-38.83979112427453,-200.9335069471418,-4.396299212117144,313.84565275019406,334.98973405124724
1015,43.44012675592765,-309.00796248463246,-56.537730914263726,-66.22152630440587,-203.72858619424045,-2.0692524228730447,319.3983562661498,357.12664119750906
1016,43.81651953075671,-313.3007798856077,-61.51231398701853,-94.1619119470729,-205.1364280851752,0.03261464180076202,324.7153378611893,379.2239467233054
1017,44.071052509773615,-317.2707431646248,-66.58903715740288,-122.09643304253383,-205.07704706108342,1.9859375531061652,329.7255398046331,401.047790768677
1018,44.19203789262017,-320.858969033114,-71.70129983715063,-149.4347429599103,-203.48501672624928,3.879644868769443,334.356485386344,422.3547345344256
1019,44.16955950120094,-324.0066888486283,-76.78114319325049,-175.5764463571511,-200.31301331621918,5.812894287629708,338.5357097083749,442.89524485316304
1020,43.99583529107476,-326.656489195696,-81.76077945668635,-199.92796183977993,-195.53512979920092,7.892436234614191,342.1923480131312,462.4179618592066
1021,43.66550548622871,-328.75367277135683,-86.57416464228518,-221.91992368449684,-189.14980686016787,10.229449198019598,345.2588476910125,480.6746751394722
1022,43.17582874117215,-330.24770973871523,-91.15856586875559,-241.02452425822494,-181.18223086202943,12.935918551843187,347.6727609844905,497.4258662537482
1023,42.52677314269587,-331.0937417717651,-95.45607036220242,-256.7721569446437,-171.68606299453256,16.12065956113213,349.3785666812604,512.4466119669395
1024,41.72099481579902,-331.2540931416498,-99.41498171401963,-268.7666978926786,-160.74438840340645,19.885114540463892,350.32946132706076,525.5325897496019
1025,40.76370376339044,-330.6997358997547,-102.99105079681165,-276.69876977643986,-148.46980782779175,24.319081926270634,350.4890543644285,536.505891480791
1026,39.66242361311396,-329.41165032518416,-106.1484940440963,-280.3563683186703,-135.00363429427802,29.49655907675152,349.8328979062036,545.2203385256726
1027,38.42665854166006,-327.38201837867297,-108.86076009538797,-279.63230711882505,-120.51419973338123,35.47189816358205,348.3497814158183,551.566005488656
1028,37.06748635634789,-324.6151879711596,-111.11101635424659,-274.52804934456657,-105.19431685506183,42.276482358181326,346.04272511299655,555.4727021920436
1029,35.59710127978319,-321.12835010549946,-112.89233898002114,-265.1536428997515,-89.25797703219841,49.91612448124456,342.9296138221546,556.9122316430097
1030,34.02833330793535,-316.951879522469,-114.20760237743596,-251.72365181351717,-72.93639363776927,58.369370129495415,339.04342507094026,555.8993304468656
1031,32.37417299351509,-312.1293019677503,-115.06907653246004,-234.54917091759432,-56.47352200786127,67.58685143906142,334.4320208672386,552.491298828164
1032,30.647330824656265,-306.71686677730673,-115.49775179940549,-214.02621130819819,-40.12120239896611,77.49178741400215,329.15749070084985,546.7864290019426
1033,28.859858541286524,-300.7827209975479,-115.52242034672577,-190.62093699481102,-24.13408136505213,87.98166519710888,323.2950526206218,538.9214297961105
1034,27.022855475818442,-294.4056993012358,-115.17855113777485,-164.85240428315046,-8.76446979222584,98.93106836533907,316.93153831725255,529.0681077032881
1035,25.146276550410427,-287.67376115869166,-114.50700114904029,-137.2735914252833,5.74270828039196,110.19554909816674,310.1635057795259,517.4295863251581
1036,23.23885066329687,-280.68212205060655,-113.5526096957974,-108.4515961359863,19.154733865299015,121.61637720587667,303.09503843663356,504.23631863658153
1037,21.30810987122394,-273.5311382951914,-112.36272533313831,-78.94791615720057,31.25555624755013,133.02594621703386,295.8353021920069,489.74207180621704
1038,19.360521967273005,-266.32401485382064,-110.9857158642006,-49.29971121241048,41.84980671392782,144.25357909177322,288.4959409984936,474.2199603490148
1039,17.401712418935357,-259.16441200198466,-109.469511497834,-20.002875296062953,50.76630046003115,155.1314557063007,281.18839736166746,457.9584998431429
1040,15.436756534059617,-252.15402997858155,-107.86022907213312,8.502368724123349,57.86099711802555,165.50038130049194,274.0212463323372,441.25757856772054
1041,13.470519308285379,-245.39025083749675,-106.20092147765355,35.84279630248433,63.019419062678686,175.21512858008413,267.0976303219801,424.4242127939475
1042,11.508018620168224,-238.9639138995121,-104.53049109395317,61.72005748201769,66.15854721162032,184.14911435268954,260.5128776473947,407.76796221075614
1043,9.554787057150918,-232.95729549039083,-102.88279939419297,85.91492540762954,67.2282239641688,192.19821228222972,254.35238018469545,391.595925003273
1044,7.617208454037462,-227.44235512593053,-101.28599708918998,108.28793438130485,66.21209202854308,199.28355404332294,248.6897950153874,376.2072946525926
1045,5.702807106017904,-222.47929925907602,-99.76209047891386,128.77660418181276,63.12808822263316,205.35322879706092,243.58562181296617,361.8875305205847
1046,3.820470518626984,-218.11550071301465,-98.32675029015736,147.38960199100686,58.02849651010331,210.38285188080772,239.0861925563633,348.9022617347518
1047,1.9805902998098093,-214.3847978076248,-96.98935955520838,164.19831638858116,50.99954870240874,214.37503399071733,235.22309383516762,337.49110149941043
1048,0.19511007793032376,-211.30718280738185,-95.75328749074738,179.32640627825853,42.160548114556285,217.35783805660625,232.01302546903386,327.86159219593515
1049,-1.5225261624624267,-208.8888753332681,-94.6163673633493,192.93794106035793,31.662483562769104,219.3823588807019,229.4580831626928,320.18352828586995
1050,-3.1575274078674145,-207.12276323537952,-93.57154846789582,205.22476878093988,19.686099660740837,220.51959745469713,227.5464380427765,314.58391360163114
1051,-4.694008287510929,-205.98918151630028,-92.6076860813348,216.39373947289687,6.4393945543348305,220.85682570107818,226.25337273147102,311.14280284098174
1052,-6.1153346238067785,-205.45698963754867,-91.71042902438894,226.65437502281796,-7.845472520566548,220.4936474447337,225.54262266824415,309.8902555845677
1053,-7.404551568288491,-205.48489931752752,-90.8631624812247,236.20751833943464,-22.915865122320547,219.5379580924886,225.36796314875548,310.80459706377195
1054,-8.544880536875029,-206.02299908565857,-90.04796379666155,245.2354171671751,-38.502925866607235,218.10199011350417,225.67497725448123,313.8121355422065
1055,-9.520268040653036,-207.0144186115623,-89.24653073175453,253.89360554029363,-54.32636281505916,216.29860608556368,226.4029375519514,318.7884337231414
1056,-10.315966869679983,-208.39707509728154,-88.44104507255423,262.30484268133745,-70.09969873625069,214.23796849344532,227.48673506511258,325.561172803932
1057,-10.91912803768645,-210.10544543491426,-87.6149397751145,270.5552592390934,-85.53589023286067,212.02467864962966,228.8587923379809,333.9145839041763
1058,-11.319380496693224,-212.0723109885649,-86.75354489066383,278.6927483674429,-100.35319839525732,209.75543912594944,230.45090300612165,343.5953536822062
1059,-11.509374939700717,-214.23042649519485,-85.8445956393658,286.7275287405366,-114.2811690656185,207.51725781898236,232.19594764838453,354.3198407183068
1060,-11.485268133489,-216.51407051818842,-84.8785941673804,294.63470299353145,-127.06656045568594,205.38617968922443,234.02944420824954,365.78236980556096
1061,-11.247125300041002,-218.8604419213381,-83.84902388485632,302.3585433891821,-138.47904035962466,203.42650616312352,235.89090043008386,377.6643075155657
1062,-10.799220219539336,-221.2108746457429,-82.75242147175621,309.8181618703661,-148.3164662832643,201.69044327439173,237.72494514578494,389.6435703606784
1063,-10.150215986689224,-223.51185123900078,-81.5883166900722,316.9141685727539,-156.40956123008962,200.218108276161,239.4822245344497,401.404182619831
1064,-9.313213544280972,-225.71580363277775,-80.3590541828715,323.53589443336654,-162.62580705524925,199.03782058363234,241.12005830314047,412.64548913632774
1065,-8.305659953063575,-227.7816972203013,-79.06951451467506,329.5687508970062,-166.87239684904242,198.16660590174695,242.6028587772672,423.09064145328887
1066,-7.149113618182788,-229.6754011635925,-77.72675390135473,334.9013220196805,-169.09811735794472,197.61085106600885,243.902322996754,432.4940130865509
1067,-5.868869231510483,-231.3698539879659,-76.339583590578,339.4318287731175,-169.29407069049896,197.3670597849606,244.99741408406265,440.64725861735326
1068,-4.493450778057319,-232.8450388428258,-74.91811075507152,343.07366785100356,-167.49318951412877,197.4226741757677,245.87415334619135,447.3838068409722
1069,-3.053986311631899,-234.08778727096518,-73.47326287233807,345.759802583161,-163.76854923487693,197.75694182468064,246.52524867770293,452.58166456646666
1070,-1.5834831153833335,-235.09143385436576,-72.01631671105795,347.4458661072899,-158.23053162852813,198.34182144915894,246.949587712088,456.16449856074513
1071,-0.11602612350194513,-235.85534653722115,-70.55845126308817,348.1119212221525,-151.02294424435127,199.14293085538293,247.1516256939842,458.1010523798746
1072,1.3140742021806902,-236.3843586022767,-69.11034145470114,347.76290218871696,-142.3182456998275,200.12054796192453,247.1406981280419,458.4030366195474
1073,2.6731562524285226,-236.68812819291765,-67.68180649742908,346.42783651151495,-132.3120658796459,201.23067876554225,246.93028698746704,457.12170026715387
1074,3.929074835151641,-236.7804501569265,-66.28152347734358,344.1580054544187,-121.21723955415798,202.42620515163662,246.53726693068927,454.3433431012008
1075,5.052033289196895,-236.67854314165493,-64.91681326618506,341.0242476467833,-109.25759007810197,203.65812057942847,245.98115491539687,450.1840614586442
1076,6.015353070487829,-236.402332494543,-63.593502122503644,337.11363865951944,-96.66170532209264,204.87685333888186,245.28338305446644,444.7840307467868
1077,6.796156347477077,-235.97374671992628,-62.31585870858448,332.5257901767381,-83.65694042058185,206.0336659743705,244.46661071755182,438.3016182163213
1078,7.375940670825159,-235.41604214574056,-61.08660303134434,327.3690059302286,-70.4638619705692,207.08210659792607,243.5540879691388,430.9075910590772
1079,7.741028937615176,-234.7531672931926,-59.90698114369244,321.7565096998981,-57.29131772379677,207.97947452942174,242.56907869354538,422.77964190353106
1080,7.882882313108058,-234.0091754852799,-58.77689717838641,315.80292635965236,-44.33227711777292,208.6882506023993,241.53434839280132,414.0974015102215
1081,7.798268250780819,-233.20769164351532,-57.695092300687996,309.62115407161906,-31.760544152627393,209.1774331068413,240.47171876201486,405.0380525606952
1082,7.489280155602521,-232.3714370252885,-56.6593585415345,303.3197187801108,-19.728398185555307,209.4237149135925,239.40168876863524,395.7726040697399
1083,6.963209577464991,-231.5218138365139,-55.666774401767896,297.0006556022655,-8.365173038980492,209.41243661997214,238.34312011190346,386.46283726971444
1084,6.232276165871931,-230.67855026984358,-54.71394869530604,290.7579194196348,2.223257137687311,209.1382549353942,237.31298368581258,377.25889368843866
1085,5.313224954019574,-229.85940556620534,-53.79725933512805,284.6762917929193,11.954153650585646,208.60547490455298,236.32616300397842,368.29744619853193
1086,4.226804683525875,-229.07993400048102,-52.91307471855303,278.83072496568514,20.766849522397354,207.82800836989435,235.3953102890433,359.7003745951537
1087,2.9971445407996065,-228.35330604889324,-52.05794706853673,273.28604686860757,28.62106836092027,206.828938320847,234.53075086535165,351.5738584236468
1088,1.6510496408728625,-227.69018438531737,-51.22876935585184,268.09694346540766,35.49476379038967,205.63968827516,233.7404315367954,344.00780033248907
1089,0.21723778370704894,-227.09865188135632,-50.42288993299135,263.30813550199326,41.38162574608326,204.298816378941,233.02990879774026,337.07550166281237
1090,-1.2744586094023225,-226.58418847628607,-49.638181525761404,258.9546741345974,46.288401084209916,202.85047431811984,232.4023729880825,330.8335263855554
1091,-2.7939008956677465,-226.14969354386278,-48.87306371818921,255.06229208620732,50.2321704903218,201.34259019906457,231.8587047746753,325.32170765385877
1092,-4.3114386300381975,-225.79555016401707,-48.12648055888918,251.64776190051464,53.23771234735119,199.82485101543668,231.39756059462547,320.5632708106185
1093,-5.798666555105253,-225.51972760334408,-47.39783738282908,248.71922862877997,55.33506794419146,198.34657294073276,231.01548403599162,316.5650654027657
1094,-7.22912234763548,-225.31791842931165,-46.68690329386,246.27649928853808,56.55740225560313,196.95455545507883,230.70704066662555,313.317914651608
1095,-8.578905736476058,-225.18370700300702,-45.993687845959975,244.31128452333317,56.93923179135165,195.6910175901612,230.46497451207,310.797102525199
1096,-9.82720266345398,-225.10876648750985,-45.31830204340615,242.80739842629058,56.515066984491696,194.59171116284713,230.28038506136653,308.9630253284067
1097,-10.95670161903614,-225.08308185517217,-44.66081455517953,241.7409302284441,55.31849234988304,193.68429700971612,230.1429241761017,307.76203642712335
1098,-11.953893053571033,-225.09519658387242,-44.02111389555567,241.0804065170037,53.38168407251013,192.9870565644049,230.0410124916727,307.12750965219135
1099,-12.809246789717019,-225.13248071311614,-43.39878645303359,240.78696505226193,50.73534257157156,192.5079935922366,229.9620747930432,306.9811397265701
1100,-13.51726646569124,-225.18141763454233,-42.79301894706491,240.814561485946,47.4089977262041,192.24436072046498,229.8927934223321,307.2344876665675
1101,-14.07642399035285,-225.2279064455724,-42.202532291088396,241.11022886067056,43.43162767380841,192.18262395712622,229.81937807215715,307.79076668747473
1102,-14.48898065719453,-225.25757602121524,-41.62555192278418,241.61440721220896,38.832519227742004,192.29885707934397,229.72784944371512,308.54685092609105
1103,-14.760704896910694,-225.2561063263642,-41.059817435084746,242.2613573508204,33.64228970371021,192.55953782178707,229.60433336410927,309.3954764048954
1104,-14.900499579209727,-225.20955200698063,-40.502631938075055,242.97966930865132,27.893986705935664,192.92270017128715,229.43536118385435,310.22759203686746
1105,-14.919954215846477,-225.10466294965929,-39.95094922946315,243.69287226345847,21.62418420301551,193.33938254408537,229.2081716265674,310.93480884351334
1106,-14.832839314953409,-224.92919619732967,-39.40149473329423,244.32014917915026,14.873999531818646,193.75530079989448,228.9110086757588,311.41188845924296
1107,-14.654561444923653,-224.67221326576822,-38.8509143157346,244.7771560599803,7.689965886945377,194.11266828247076,228.53340947305,311.5592076542478
1108,-14.401598219718746,-224.32435650258347,-38.29594348378188,244.97694261827883,0.12470723652941865,194.3520824219913,228.06647554233413,311.285133959251
1109,-14.090932399247249,-223.87809778466348,-37.73358823195169,244.8309682780164,-7.762623678848538,194.41439876901305,227.50312007847904,310.5082483267817
1110,-13.739503653817009,-223.3279527939106,-37.16130815214991,244.25020479428838,-15.906169536549553,194.24251843249465,226.83828381818256,309.1593539479889
1111,-13.363695317797763,-222.67065456443382,-36.577192470900435,243.1463144447751,-24.233466459734682,193.783023375835,226.06911238484045,307.18321570072897
1112,-12.978871719287595,-221.90528102609758,-35.980120258145824,241.432890821748,-32.66581499058667,192.9876052774409,225.19508901350878,304.5399819869913
1113,-12.59897953571104,-221.03333274796518,-35.369896881511714,239.02674769522116,-41.11891214509133,191.81424691298693,224.21811804593517,301.2062495391896
1114,-12.236224156966141,-220.05875876054697,-34.7473597523398,235.84924005294272,-49.50372361815146,190.22812940427005,223.14255628093892,297.1757416110437
1115,-11.900829159230842,-218.98792998684493,-34.11444761300948,231.82760000001517,-57.72756821617683,188.20225331146344,221.97519097125402,292.4595802311059
1116,-11.600883595893382,-217.82956135221204,-33.474229100724415,226.89626856873215,-65.69538166155935,185.71777554794642,220.72516489662462,287.0861433722064
1117,-11.342277979970326,-216.59458511714507,-32.83088798963175,220.99820274953998,-73.31112382747395,182.76407668512482,219.40385054259616,281.10050767354977
1118,-11.128725887326588,-215.29597943190214,-32.189664217911975,214.0861355600713,-80.47929184749759,179.33858379366356,218.0246770007819,274.5634866936939
1119,-10.961864447264649,-213.94855743401092,-31.556751485108855,206.12376615406905,-87.10650094604016,175.44638221133172,216.60291466160936,267.55028369653763
1120,-10.84142389432791,-212.56872315328005,-30.939153845081844,197.08685712082692,-93.1030948121186,171.0996554527862,215.1554238541551,260.148786794676
1121,-10.765453988436635,-211.17420091268167,-30.34450526199583,186.96421721495793,-98.38474754025286,166.31699591411717,213.70037415582289,252.45754280769262
1122,-10.730593562459777,-209.78374490990257,-29.780857424756007,175.75854944112172,-102.8740193895631,161.12263010846277,212.25694122666874,244.5834540847761
1123,-10.732368771958885,-208.41683540286584,-29.256442171358348,163.4871461921778,-106.50182887511782,155.54560093331133,210.84498788441283,236.6392493218169
1124,-10.765505772481482,-207.09336747811858,-28.779415733708227,150.18241455721486,-109.20880420451078,149.61894602818057,209.4847358185811,228.7407847123144
1125,-10.824244422057815,-205.83333777205382,-28.35759276979161,135.8922157254682,-110.94647808905894,143.37890591161678,208.19643388042059,221.0042354883836
1126,-10.90264099699262,-204.65653380297516,-27.998178738931067,120.68000256107828,-111.67829178835146,136.8641887822141,207.00002832377862,213.54324018192466
1127,-10.994849564222518,-203.5822298789912,-27.707509419090794,104.62473900318982,-111.38037723218359,130.1153112830394,205.91483979145443,206.46606113789844
1128,-11.095373366037041,-202.62889302402832,-27.490806211229405,87.82058413501271,-110.04209055984617,123.17402684494083,204.95925137074224,199.87282539121543
1129,-11.199279244949572,-201.81390212640693,-27.351955424659955,70.37632285752558,-107.66627661187626,116.08284604899866,204.15041180443885,193.85291034372875
1130,-11.30236977817638,-201.15328356265206,-27.293319007284794,52.41452459170716,-104.2692517216909,108.88464722465824,203.50395794994162,188.48253894961735
1131,-11.401309494351013,-200.6614667833646,-27.315583102841767,34.070412000420355,-99.88050129884503,101.62237043483847,203.0337607315781,183.82264932464773
1132,-11.493703430065988,-200.35106366107345,-27.4176494831386,15.490424070903384,-94.54209874499703,94.33878412352769,202.75169904489937,179.91710355811404
1133,-11.578128385846028,-200.2326757212628,-27.596573591105045,-3.1695374515867605,-88.30786262427073,87.07631101104282,202.66746631012072,176.7912994535258
1134,-11.65411940713027,-200.31473361874689,-27.84755179180036,-21.74618211936005,-81.2422790564046,79.87689831337465,202.78841455275054,174.4512461392118
1135,-11.722115976164813,-200.6033732398367,-28.16395938635862,-40.07121956572854,-73.41922537756007,72.78191697370137,203.11944084173092,172.883159029221
1136,-11.783373960255988,-201.1023524871946,-28.53743987612667,-57.97404557961298,-64.92053868875675,65.83207521515705,203.66292049261685,172.05362057131288
1137,-11.839850437886863,-201.81301215272873,-28.958044864761174,-75.28469486630098,-55.834478575873874,59.067333264084425,204.41869065484823,171.91033991881014
1138,-11.894069038643233,-202.73428344457022,-29.414422957855937,-91.83701598976954,-46.25413675898633,52.52680847574837,205.38408689843664,172.3835268632354
1139,-11.948973339867056,-203.8627438582874,-29.894055171230196,-107.47201029727695,-36.27584756660531,46.24866316887534,206.55403436125576,173.3878734405745
1140,-12.007775332527183,-205.19272225211319,-30.38353373270095,-122.04126420699592,-25.997651889958444,40.26997100007841,207.92119401494182,174.82511174725002
1141,-12.073805401439564,-206.71645322820194,-30.8688807481131,-135.41039414758671,-15.517863680457728,34.62656141756981,209.47616370902085,176.58709065591628
1142,-12.150369929257673,-208.42428023043948,-31.335902943407536,-147.46241648623467,-4.933782191951587,29.35284532947984,211.20773286527498,178.55928973150398
1143,-12.2406223069747,-210.30490606392902,-31.77057844525208,-158.10095134431424,5.659414828661251,24.481628223066096,213.10318890774892,180.62466790537286
1144,-12.34745235234664,-212.34568862906625,-32.15947111073485,-167.25316917776362,16.169571724809042,20.043919155652997,215.14867248027056,182.6677287988676
1145,-12.473397788552106,-214.53297832166626,-32.49016707505712,-174.87239201682715,26.50823551666722,16.068744978840705,217.32957696720763,184.57867463177413
1146,-12.620579816372238,-216.8524917126314,-32.75172686769892,-180.94026699165582,36.591115299013104,12.582978702422652,219.63098573079046,186.2575165681123
1147,-12.790663214989396,-219.2897139334888,-32.935144718589186,-185.46843812193998,46.33833231023239,9.61118909243848,222.03813798232235,187.6180111128967
1148,-12.9848399511031,-221.83031986863872,-33.0338047534337,-188.49965336714982,55.67448543485942,7.175515638648657,224.53691156208743,188.5912995987945
1149,-13.203834040294032,-224.460601970395,-33.04392188455755,-190.1082575782277,64.52856898464769,5.295569226807014,227.11430832624507,189.12914042736926
1150,-13.44792443211443,-227.16789050173335,-32.96495344668126,-190.40003792541305,72.83379004643481,3.988354525850832,229.75892557634992,189.20664065726424
1151,-13.716981933050892,-229.94095056672833,-32.79996606689764,-189.51140583381726,80.52734053785363,3.2682055660408658,232.46139531490147,188.82441335965586
1152,-14.010515578872985,-232.77033957977324,-32.55594101246565,-187.60791721997236,87.55018351042366,3.146721634746537,235.21477225115464,188.01010806724506
1153,-14.327723482884966,-235.6487087926429,-32.24400049644889,-184.88214935986142,93.84691365582385,3.6326869795071683,238.01485138598568,186.81928161714245
1154,-14.667543176256997,-238.57103302540932,-31.879537292610685,-181.55096644864372,99.36574828963664,4.731955467640631,240.8603965881917,185.3355938214613
1155,-15.02869688083333,-241.53475390485102,-31.482230586552056,-177.85221547849372,104.05869755574624,6.447280760491941,243.7532629196704,183.67032516249844
1156,-15.409727905876213,-244.539823920221,-31.07593230838135,-174.04089863934388,107.88195176252884,8.778073916333936,246.6983977860055,181.96122124264951
1157,-15.809025343914948,-247.58864152121805,-30.688410390567576,-170.38486804571843,110.79651034276452,11.720073602518797,249.70370935722136,180.37067108100393
1158,-16.224835501779697,-250.68587107878355,-30.35093864137909,-167.16008421018313,112.76906157803691,15.264919052176587,252.77979492649735,179.08322457196698
1159,-16.65526005658958,-253.83814546410824,-30.097727303863103,-164.64547325243055,113.77310542559492,19.39962216257366,255.93952663256724,178.30245038015084
1160,-17.098242581519305,-257.05365300238384,-29.965193984701134,-163.11741199848498,113.7902939615865,24.105942233694282,259.19749700472386,178.24713175405248
1161,-17.55154655021548,-260.34161448588924,-29.991081579667593,-162.84386789872394,112.8119457129285,29.359674345997142,262.56933195768147,179.14679709786452
1162,-18.012729023396695,-263.7116597964256,-30.213437863872837,-164.07822498904963,110.84067238190967,35.12986994719612,266.07088411798566,181.23658755806426
1163,-18.47911492186993,-267.17311755838705,-30.6694799253437,-167.05284023551332,107.89204032959262,41.378015653772735,269.7173246471496,184.7514778145627
1164,-18.94777710992925,-270.73423505987273,-31.39437487087875,-171.97239773214005,103.99617601140416,48.05720343126653,273.52215684288007,189.91989022160203
1165,-19.415527437755976,-274.40134920081823,-32.419975611764094,-179.00716106083138,99.1992156947543,55.11133203717463,277.49617940454874,196.9567765463811
1166,-19.878923421075044,-278.178032206978,-33.773556530050215,-188.286264697801,93.56449629809687,62.474385648254064,281.6464310190633,206.05628429012594
1167,-20.334294389678398,-282.0642382070652,-35.476598003448,-199.89123014167205,87.17338656439726,70.06984059660034,285.9751507259894,217.38417281817954
1168,-20.77778972304552,-286.05547857365684,-37.543670806192964,-213.84993678989835,80.12566582436035,77.81025466745086,290.47879039609757,231.0701938879296
1169,-21.205450280787947,-290.1420552363157,-39.981471058920675,-230.13131633627594,72.53937057462475,85.59709501221658,295.1471166637887,247.20069664739904
1170,-21.61330249459395,-294.3083819905265,-42.78805350565119,-248.64106758326983,64.55004601595996,93.32086001359569,299.96243981013856,265.8117539169946
1171,-21.997472947893282,-298.53242416334746,-45.95230547584845,-269.21870181266524,56.30935966253662,100.86154715890153,304.8990064408005,286.883130540092
1172,-22.35431964147225,-302.78528683323236,-49.45369624712198,-291.6362243494721,47.98305646332305,108.0895130824594,309.9225913496059,310.33342317673527
1173,-22.68057450574941,-307.0309809284097,-53.26232712059042,-315.5987344675429,39.748259045799045,114.86676352802037,314.9903215234248,336.0166930347871
1174,-22.97349006902078,-311.2263945999407,-57.33929673731571,-340.7471835025276,31.790142160452824,121.04870011912523,320.05076149541435,363.72088864101704
1175,-23.230981536007366,-315.3214940068305,-61.63738424019588,-366.6634707765414,24.29803650930874,126.48633733009252,325.0442839191991,393.168315025191
1176,-23.451754006278474,-319.2597729500818,-66.10204007452417,-392.877979359999,17.461043139816017,131.02898650059478,329.90374221656293,424.01834844646
1177,-23.63540351891949,-322.9789646969265,-70.67266088949741,-418.87955899919154,11.463264757897281,134.52738369846128,334.5554535340968,455.8725214966306
1178,-23.782480479962693,-326.41202201582814,-75.28411166362561,-444.127851928343,6.478783964834034,136.83721455750663,338.9204902821812,488.2820115552619
1179,-23.89450510826038,-329.4883630448628,-79.8684456067715,-468.0677301241651,2.666539692074762,137.82296225298685,342.91626751363884,520.7574561928594
1180,-23.973926931356676,-332.13537111072424,-84.35676165148884,-490.14547377345235,0.16527071927170695,137.36197550511022,346.4584015226091,552.7808937674681
1181,-24.024024052346142,-334.2801258781714,-88.6811314726595,-509.8261778413348,-0.9112926365734898,135.34862356354608,349.46280246013424,583.8194909362428
1182,-24.04874272113093,-335.8513313066708,-92.77652361221058,-526.6117379350443,-0.4788027079993408,131.69837683835252,351.84795079921065,613.3405809697582
1183,-24.052483223711683,-336.7813933003741,-96.58265163830718,-540.0586521728748,1.5139473182897352,126.3516281911373,353.5372947922974,640.8274123976497
1184,-24.039843430065417,-337.00858754250095,-100.04567631280356,-549.7947971560495,5.082049068865077,119.27705440387123,354.4616946024948,665.7949133325538
1185,-24.01533556444236,-336.4792468921252,-103.11969835360324,-555.5343061566402,10.202432639246073,110.4743136136285,354.56182962524707,687.804727277444
1186,-23.983094252153382,-335.14988894692567,-105.76798822936865,-557.089704973827,16.812860029359705,99.97588552860229,353.790479604548,706.478780631481
1187,-23.946594547147452,-332.989198845781,-107.96391187308402,-554.3805490879057,24.812031704452664,87.84788863887854,352.1145881922699,721.5107036810715
1188,-23.908397692185545,-329.9797808271005,-109.69152536198196,-547.4379529095274,34.06083831630939,74.18975212274096,349.5170200342706,732.6745429267826
1189,-23.869940157237092,-326.11959501866767,-110.94582641904593,-536.404601154437,44.38474893010497,59.1326774120843,345.99792945811504,739.8303651662337
1190,-23.831378390908316,-321.4230037683094,-111.73266485557967,-521.5300720820359,55.577290031384706,42.83689133375642,341.5756703046029,742.9265501279394
1191,-23.791497988803112,-315.921364573519,-112.06832673264742,-503.1615668594792,67.40453790332076,25.48776405581622,336.28719205881794,741.9987819616042
1192,-23.747691871216997,-309.6631238412143,-111.9788174888372,-481.7304099023644,79.61052068282441,7.29093478898874,330.1878865472381,737.1659609883633
1193,-23.69600788897128,-302.713386222267,-111.49887753397228,-457.73494130146526,91.92340380738973,-11.533349632976005,323.35087107128555,728.623444897658
1194,-23.63126245906887,-295.15295663536097,-110.67077008893482,-431.7206440777472,104.06231090407152,-30.756428966062643,315.8657166530319,716.6341726768854
1195,-23.547213707796065,-287.0768747076142,-109.54288556237532,-404.25851769344047,115.74460889416808,-50.14767033855958,307.83665263055997,701.5183074796282
1196,-23.436785252308695,-278.5924827248984,-108.1682096011931,-375.92281054041956,126.6934601264071,-69.48085744706697,299.38029977826,683.642045266626
1197,-23.29233005210874,-269.81708716818133,-106.6027033320519,-347.2692492760707,136.64541696309703,-88.54023854731864,290.62300241315063,663.4061750710405
1198,-23.105922551073103,-260.87528979776806,-104.9036446255687,-318.81485021557444,145.3578090618281,-107.12597099510059,281.697845014717,641.234861586326
1199,-22.869666566378264,-251.89607654180077,-103.12797887468341,-291.0202734288181,152.61565586185995,-125.05874301421385,272.74145039053263,617.564983558024
1200,-22.576006102361344,-243.0097606998809,-101.33072691717153,-264.2754964930161,158.23783194874383,-142.1834076050721,263.89066398298445,592.8362364335532
1201,-22.21802647916273,-234.34488088494803,-99.56349616165784,-238.8893598092598,162.08222516594662,-158.3715245097002,255.27923218935194,567.482116364353
1202,-21.789733835131685,-226.02515371645146,-97.8731384057892,-215.08328933836142,164.04965831879673,-173.52276943044794,247.03458148315215,541.9218482720842
1203,-21.28630220121315,-218.16657686660727,-96.30059402612268,-192.98925583812357,164.08639409632337,-187.56523101879608,239.27479990592713,516.5532940649099
1204,-20.70427897479081,-210.87477013731836,-94.87995695009523,-172.65180022498623,162.1851060099567,-200.45467168936372,232.1059135257642,491.7468651236548
1205,-20.041741634105783,-204.2426313741419,-93.63778790351924,-154.0337567638628,158.38427061489855,-212.17287498264818,225.61953817478272,467.840454591694
1206,-19.298400709713878,-198.34837083046247,-92.59269490333016,-137.02514898697092,152.76601220721398,-222.7252379629198,219.89097174477675,445.1353927999232
1207,-18.47564619264097,-193.2539727724035,-91.7551902021359,-121.45462237268943,145.4525049010591,-232.13779111317402,214.97777528479955,423.8934111663721
1208,-17.576536672755758,-189.00411738291817,-91.12782243604366,-107.10271352646065,136.60110357509262,-240.453840408883,210.91887296114513,404.3345779818891
1209,-16.605732584828782,-185.6255800440654,-90.70557218274168,-93.71623535884056,126.39843076433462,-247.7304272961846,207.7341824417241,386.63614777584365
1210,-15.569376966205455,-183.1271094328738,-90.4764891587558,-81.02307674752292,115.05368839952583,-254.03479309127408,205.42476923350688,370.93224889086076
1211,-14.474929016427604,-181.49977110687962,-90.42254047057625,-68.74676698614766,102.79148971642854,-259.4410160945496,203.97350165809505,357.3143245959388
1212,-13.330957392670054,-180.7177298872143,-90.52063203738747,-56.620232438137016,89.84451710476066,-264.02696400212176,203.34616809588198,345.8322424114175
1213,-12.14690142829641,-180.73943278142275,-90.74375966656486,-44.398267097583826,76.4463064970476,-267.8716727332123,203.49300530222106,336.49599284817924
1214,-10.932809152158658,-181.50914472555814,-91.06224241952803,-31.868342025769092,62.82443922206156,-271.0532274618437,204.3505763378507,329.2779092895938
1215,-9.699061095203817,-182.95878223225054,-91.44498903519123,-18.859483225951408,49.1943898228115,-273.6471844717253,205.84392920935892,324.1153514047153
1216,-8.456088625850308,-185.00998507393982,-91.86074837396107,-5.249046920528479,35.75423547176195,-275.72553556629447,207.88896273048834,320.91380187615124
1217,-7.214095220082199,-187.5763631725624,-92.27929701673338,9.03268940769714,22.68038205406326,-277.3561822558935,210.39492417729085,319.5503283362902
1218,-5.982788729596024,-190.56585457994032,-92.6725211283523,24.000125154926423,10.124406840621523,-278.60285674269744,213.26696366976293,319.87735904667977
1219,-4.771132307190537,-193.8831305219049,-93.0153553757776,39.61206540257478,-1.7889387154541307,-279.52540254936537,216.40867257231605,321.72671355600033
1220,-3.5871211261272133,-197.43198476576424,-93.28654902814941,55.773470401996406,-12.96257682691096,-280.18031096135445,219.72453738823637,324.91382091636524
1221,-2.4375913583144064,-201.1176469970461,-93.46923815410058,72.33907400300791,-23.326861901424515,-280.62140130078876,223.12224647655862,329.2420506741079
1222,-1.3280670143337128,-204.84896343473014,-93.55131255546983,89.11868487463093,-32.838351740853064,-280.90053365613915,226.51479416596328,334.5070775610882
1223,-0.2626491526923824,-208.54039251602495,-93.52557596613667,105.88395532982337,-41.47772652129636,-281.0682513264297,229.82233505118882,340.5012000958299
1224,0.7560493737350067,-212.1137690955702,-93.38970730703203,122.37637761727129,-49.247014187140046,-281.1742654075657,232.973750021928,347.0175356053767
1225,1.7269220088351958,-215.49979728284868,-93.14603881921222,138.3162459950304,-56.16629474906292,-281.2677138018867,235.9078946873734,353.8540184201023
1226,2.650339452780546,-218.6392398781497,-92.80117329809967,153.41230453931635,-62.270060759017895,-281.3971496344668,238.57451027790006,360.8171330659346
1227,3.52807516200376,-221.48378129297396,-92.36546714594901,167.3717856941562,-67.60340808642354,-281.61023803427645,240.93478671385103,367.72531940048583
1228,4.363188540263025,-223.99655054912495,-91.85240846242225,179.91053380109187,-72.21822148336527,-281.953164197133,242.96157707831438,374.41199151676904
1229,5.159870147357809,-226.15230106718064,-91.2779201720205,190.76290262176457,-76.16950475514658,-282.46977840317936,244.63927202332962,380.72811700987415
1230,5.923254069075269,-227.93725420781476,-90.65961772179195,199.69111794390525,-79.51198693845039,-283.2005239943074,245.96335164364015,386.54430836531805
1231,6.659203162472484,-229.34862371630146,-90.01604951389933,206.49380748981204,-82.29711485052623,-284.18121109312,246.93964103648344,391.7523846284803
1232,7.37407344222041,-230.39384807800639,-89.36594611127042,211.0134218093212,-84.57051970143804,-285.44171121304487,247.58330395518473,396.26637024012007
1233,8.074464545690809,-231.08956692847275,-88.7275015609787,213.14230221599348,-86.37002204046698,-287.0046553560047,247.9176163586181,400.022910020926
1234,8.766963920416481,-231.46038557856087,-88.11770720913636,212.82719494407615,-87.72421585060923,-288.88422050674455,247.97256787699547,402.9810954296541
1235,9.45789289362201,-231.5374778861226,-87.5517553219418,210.0720635948579,-88.65164958733659,-291.085086662352,247.78334380837777,405.1217173946949
1236,10.153062920326434,-231.35708165311465,-87.04252669012916,204.9391127465651,-89.16059965897337,-293.601638960173,247.3887427715234,406.4459843111043
1237,10.857549972376454,-230.95894212330737,-86.60017318918439,197.54800157727658,-89.24941051291093,-296.41747757254325,246.8295852582491,406.9737683451084
1238,11.575494237582827,-230.38475795446706,-86.23180312355046,188.0732940029533,-88.90735551965199,-299.50528254720695,246.14716604772505,406.74146639687376
1239,12.309931167379188,-229.6766804901609,-85.94127419584328,176.7402571545202,-88.11595485181299,-302.8270626672988,245.3817990306347,405.79958096139404
1240,13.062658600740507,-228.8759116590592,-85.7290960561551,163.81917884089424,-86.85067127163306,-306.33479781902,244.57149679790206,404.2101378109552
1241,13.834143317547786,-228.02143884336687,-85.5924415174202,149.61842316733328,-85.08289280532159,-309.97146443544466,243.75081978063133,402.04405972331693
1242,14.623469046313781,-227.1489371376203,-85.52526265566415,134.47647887529925,-82.7821030876139,-313.6724144190737,242.94992130287483,399.3786075882326
1243,15.428326784132215,-226.289861145204,-85.51850513980537,118.75327588900458,-79.9181358782239,-317.36706052827066,242.19380616944142,396.2949831002187
1244,16.245047314224784,-225.4707402789673,-85.5604112586249,102.82105230829224,-76.46340994285808,-320.98080639528683,241.50181177416405,392.87616347876906
1245,17.068674968995836,-224.71268375272723,-85.6368993628025,87.05504843631883,-72.39504413171164,-324.43714780610486,240.8873125084472,389.2050117946425
1246,17.893080914569282,-224.0310943381657,-85.73200508685281,71.8242890002409,-67.69675995185565,-327.65986410646815,240.3576408138335,385.3626800945828
1247,18.711113478345734,-223.43558372391524,-85.82836804966317,57.48269234221624,-62.36049001429628,-330.57521487007466,239.9142118489277,381.4272994424856
1248,19.51478225456101,-222.93007702868755,-85.90774692406818,44.36071862842131,-56.38762517687729,-333.1140572934084,239.55283356131747,377.4729329984725
1249,20.295471866658904,-222.51308964664523,-85.95154580169331,32.75774030038669,-49.78985058028137,-335.2138039701637,239.2641799234498,373.56875607831176
1250,21.044180385227172,-222.1781560508967,-85.9413355481669,22.93528895505706,-42.5895403976031,-336.8201483892781,239.0344020884204,369.7784207092364
1251,21.751776644716163,-221.91438737995202,-85.85935525580547,15.111304967199981,-34.81970204622781,-337.8884962328283,238.84585016177107,366.1595609294775
1252,22.40927018131201,-221.70713257239507,-85.68898083008862,9.455490158751907,-26.52348177307699,-338.3850537961377,238.67787712003087,362.76339809912577
1253,23.008087161906605,-221.53871656549575,-85.41514995136572,6.085839613651908,-17.75326383189646,-338.2875400211486,238.5076960997056,359.6344118279514
1254,23.540345353531908,-221.38922875045836,-85.02473492035188,5.066405631938176,-8.569413884383904,-337.58550505699725,238.3112628437786,356.81005079511266
1255,23.99912088285001,-221.23733553013278,-84.50685718987813,6.406323729516953,0.9612671542953168,-336.2802551851785,238.06415655633145,354.32046777768136
1256,24.378699342741267,-221.06109232669806,-83.8531397299533,10.060106363257647,10.767300623089822,-334.38440052064243,237.74243467821069,352.1882736839607
1257,24.674803745448298,-220.83873245832388,-83.05789564777237,15.929183813897868,20.774413027532944,-331.9210571989532,237.3234398588379,350.4283153648075
1258,24.88479187379039,-220.5494126574052,-82.11825342727865,23.864643140380768,30.907455349480227,-328.9227488821403,236.78654029870617,349.04749052683695
1259,25.007815776784135,-220.17389747493203,-81.03422053463463,33.67108595110971,41.092271577061794,-325.4300626137354,236.11378744541432,348.044619335786
1260,25.04493656999674,-219.6951674047122,-79.80868790951635,45.11149546143735,51.25743585590612,-321.49012081821536,235.29047773682655,347.41039553745765
1261,24.999188364960702,-219.09893834637103,-78.44737819018286,57.91297517546777,61.33578837714265,-317.1549343610395,234.30560783557905,347.1274396330241
1262,24.875586088940384,-218.37408303046536,-76.95874066071266,71.77319803114374,71.26571386681016,-312.47970117733064,233.15221570754645,347.17047274676855
1263,24.681073271912506,-217.5129481842424,-75.3537960327207,86.36738811425602,80.99212194749977,-307.52111144168924,231.827602974753,347.5066228354068
1264,24.42440768586209,-216.51156444119695,-73.64593428790137,101.35564844509413,90.46710438454231,-302.33571420426205,230.33343716441033,348.0958659479869
1265,24.115984976352518,-215.36974923170288,-71.85066887518668,116.39044832878378,99.65025925169468,-296.9783926131502,228.67573570803754,348.89159592074816
1266,23.76760290767223,-214.09110605178765,-69.98535066097435,131.1240918963574,108.5086856432239,-291.50098605573265,226.8647367385382,349.8413077798943
1267,23.392171300021634,-212.68292645563565,-68.06884534228955,145.216004491232,117.01666438537477,-285.95108844614157,224.91466478165296,350.88737443281497
1268,23.00337499870413,-211.15600367646067,-66.12117860801531,158.3396936132007,125.15505025230317,-280.37104297440567,222.84340217002844,351.9678935415644
1269,22.615299202961907,-209.52436879984154,-64.16315403396814,170.18926408820872,132.91040961069567,-274.7971452985031,220.6720792295314,353.0175817608689
1270,22.242028184100683,-207.80496186268698,-62.21594933748653,180.48539089451054,140.27394432611422,-269.2590596625093,218.42459791158504,353.9686962585103
1271,21.897229822289606,-206.01725117424897,-60.3006971695662,188.98067574515326,147.24024824069218,-263.7794458959548,216.12710460579942,354.7519677622897
1272,21.59373939076008,-204.1828145376902,-58.4380572313379,195.46433345112453,153.80594666179297,-258.37378974035755,213.80742838396532,355.2975343028993
1273,21.343156491152982,-202.3248958461041,-56.647787270693996,199.76616995960202,159.9682721874846,-253.05042447500753,211.4945008756085,355.5358694093926
1274,21.155468986112194,-200.4679498118653,-54.94832139444173,201.75982499240078,165.7236319202702,-247.81072840136918,209.2177734144417,355.39870206537904
1275,21.038717292227968,-198.63718653930272,-53.3563650507564,201.36525830778245,171.066221738697,-242.64948043198208,207.00664618399603,354.81992791664527
1276,20.99871157013685,-196.8581263747061,-51.88651695142052,198.55046041696946,175.98674285934356,-237.5553547917507,204.88992293094978,353.7365120601362
1277,21.038813153764806,-195.15617398181698,-50.55092894529031,193.3323673890667,180.47127446233887,-232.51153551614715,202.89530337925436,352.0893835059153
1278,21.159789900789427,-193.55621896669197,-49.3590151442583,185.77695690720313,184.5003535818229,-227.49643177373343,201.0489237556863,349.8243204761956
1279,21.359752932207677,-192.0822687739102,-48.31722125524043,175.9985009259137,188.04830947916233,-222.484475847111,199.37495393253153,346.8928245296679
1280,21.63417946333103,-190.75711811102673,-47.42886403542711,164.15795099604824,191.08289386678885,-217.44698675507516,197.89525771534196,343.2529804939626
1281,21.97602327371622,-189.6020578231653,-46.6940490460133,150.46043715368933,193.56524021622755,-212.35308383533368,196.62912076658452,338.8702986493358
1282,22.375911100559453,-188.63662492013873,-46.109672484811554,135.15187133684395,195.45017479177795,-207.1706358544306,195.59304858379065,333.71853563625314
1283,22.8224201109792,-187.8783944531762,-45.669510034207484,118.51466211501962,196.6868891645148,-201.8672320471355,194.80063500411237,327.7804910602106
1284,23.30242872756899,-187.34281326539448,-45.36439264239551,100.86256886652278,197.2199692450262,-196.4111617085367,194.26250007117068,321.04877742291404
1285,23.801530506505156,-187.04307523614224,-45.18246618426277,82.53474936112721,196.990760035512,-190.7723885400949,193.9862947666702,313.52656123940494
1286,24.304498562604888,-186.99003727753467,-45.109529169796005,63.88908317382156,195.93902926737607,-184.92350496065353,193.97676889359758,305.22827219600106
1287,24.795786244459315,-187.19217487689258,-45.12944019407856,45.29488210508688,194.00487797361015,-178.8406501802621,194.2358971853905,296.1802741761954
1288,25.26004840829346,-187.65557545493982,-45.22458478645231,27.125125259941388,191.13083304998958,-172.50437426161454,194.76305758133404,286.42148655566973
1289,25.682666766155894,-188.3839673092398,-45.37638985568209,9.748378266574575,187.26404707975655,-165.90042903052344,195.55525467283576,276.0039366631301
1290,26.050262461726835,-189.37878144790463,-45.56587304826369,-6.479428516867439,182.35852491384395,-159.0204659065348,196.6073806156939,264.9932157774762
1291,26.35117933484488,-190.63924321994566,-45.77421384348643,-21.22317996310634,176.3772950929254,-151.8626207588936,197.9125053233382,253.46880309307323
1292,26.57592233080083,-192.16249043749934,-45.98333286597192,-34.176530711960865,169.29444715899314,-144.4319668789945,199.46218758566826,241.5242165012374
1293,26.717537129751392,-193.94371475980438,-46.176465627030865,-45.06945614563124,161.0969628550669,-136.74081915563428,201.24679897110866,229.26694721432855
1294,26.771919080719726,-195.97632339615583,-46.33871679319511,-53.675231617247896,151.78627943612975,-128.80887556297523,203.2558528816806,216.8181378226665
1295,26.73804165057206,-198.2521184754164,-46.45758120462074,-59.81668420451292,141.37953583450565,-120.66318607364204,205.4783317178868,204.31197004423817
1296,26.618096729016532,-200.7614915217032,-46.5234182328227,-63.37157450151363,129.91046613434327,-112.33794391712837,207.9030055627283,191.89473823295864
1297,26.417541330175357,-203.4936302627529,-46.52986672881512,-64.27697898645826,117.4299186583072,-103.87409938964804,210.5187360331271,179.72359638463837
1298,26.145047562266345,-206.43673448222177,-46.47418893595674,-62.53255613146899,104.00599208952352,-95.31880174531291,213.3147590252529,167.96497870544454
1299,25.81235516668829,-209.57823690415347,-46.357533425812186,-58.20259208966936,89.72379180651333,-86.72467962276754,216.28094010530893,156.79270582611645
1300,25.43402842573173,-212.9050242973294,-46.185109184603675,-51.416735295142146,74.6848195841054,-78.1489746671334,219.4079963441508,146.3857998368194
1301,25.027121811329923,-216.40365318606453,-45.96626502946539,-42.36934458103685,59.00601783186921,-69.652546323442,222.68767843754338,136.92604121361515
1302,24.61076134220757,-220.0605537289611,-45.71447021876804,-31.317393380005406,42.81849567879567,-61.29876813993878,226.11290687795557,128.59530942368218
1303,24.20565113588494,-223.86221445956102,-45.447193379759284,-18.57689393795996,26.265968775737857,-53.152337315605315,229.67785570292418,121.57275666308216
1304,23.833517052950278,-227.79533980912018,-45.18567788368305,-4.517830568160677,9.502948119742378,-45.278019674181905,233.37797711187736,116.03187079793321
1305,23.516501618799627,-231.8469719124504,-44.954612775413686,10.442380386034422,-7.307284096922467,-37.739351826461096,237.20996032550363,112.1374888061078
1306,23.276526443167825,-236.00456835146824,-44.781699538759185,25.846854663300686,-23.994871471776282,-30.597321208779057,241.17161870964335,110.04282513727927
1307,23.134639919253704,-240.2560282897135,-44.69711653983488,41.20854549548004,-40.38571156717633,-23.909043354253676,245.26170048722375,109.88657957148648
1308,23.110368896118935,-244.58966082880642,-44.732884968212296,56.0207728166476,-56.30387299452273,-17.726454652563653,249.47962024478267,111.7901858190645
1309,23.22109320222702,-248.99409125178718,-44.92214242774014,69.76882339218757,-71.57405965387221,-12.09503837799477,253.8251107719053,115.85525547325483
1310,23.4814613243142,-253.45810300662464,-45.2983330608916,81.94243307163758,-86.02408237322832,-7.052602125239564,258.29779746838426,122.16126308212577
1311,23.902864217598385,-257.9704157668217,-45.894326350156156,92.04892576485626,-99.48730184675851,-2.6281260633296,262.8967005912701,130.7635086512061
1312,24.492982235478156,-262.5194026745209,-46.741480564034056,99.6267463017799,-111.80501194307897,1.1592964717363983,267.6196739995756,141.69138522112567
1313,25.25541772855703,-267.0927529525587,-47.86867104852142,104.25908620329577,-122.8287385593385,4.3014019217314665,272.4627927961487,154.94697181927697
1314,26.18942323533499,-271.6770894431084,-49.30130784300549,105.58726332629789,-132.4224352929243,6.801556416211302,277.41970627915407,170.50396557954687
1315,27.28973258618897,-276.2575541281145,-51.06037092637544,103.32348000744827,-140.4645622210264,8.675384513811684,282.4809766453914,188.30696010531818
1316,28.546499757872084,-280.8173780557135,-53.16149434266059,97.2625523741591,-146.85003710152404,9.951198495583244,287.633427596847,208.27106938358463
1317,29.945347912358123,-285.33745511358336,-55.61413230250064,87.292179466875,-151.49204882902578,10.670201454523262,292.8595301209248,230.28188790003128
1318,31.467528690561515,-289.7959415729955,-58.42084105562019,73.40130889491859,-154.32372099356178,10.886440672329561,298.13685504837093,254.1957695500446
1319,33.09018958273285,-294.1679050767836,-61.57670980485493,55.686160329209024,-155.29960926730578,10.666492613892602,303.4376233333447,279.8404030166081
1320,34.78674521932771,-298.42504759694197,-65.06897201489892,34.35349334839921,-154.3970106423452,10.08886692214118,308.72838516395234,307.01566228494494
1321,36.52734679502096,-302.53552683262654,-68.87682495387155,9.7207552858278,-151.61705591820382,9.24312343690011,313.9698579534616,335.49472005650114
1322,38.27944243869934,-306.46389964166264,-72.97147998440263,-17.787180348070937,-146.98555007309008,8.228702729745548,319.1169510150793,365.0254298116532
1323,40.00841991057443,-310.17120938943833,-77.3164588704598,-47.644873529848404,-140.55351917392213,7.153476219225445,324.11900122608637,395.3320080989652
1324,41.678321261280175,-313.6152364350685,-81.8681423748737,-79.23683953323014,-132.3974182979792,6.132026138843137,328.9202391073037,426.1170792284128
1325,43.25261680235834,-316.75092724033897,-86.57656723833266,-111.87165250043044,-122.61895349013004,5.283668418149253,333.46049841146964,457.06417492375044
1326,44.695022775385,-319.5310126828417,-91.38645690633358,-144.7993919466339,-111.34447272276661,4.7302332805529534,337.67617450556673,487.8408049568709
1327,45.97034352298916,-321.9068199696226,-96.23846069306076,-177.23202839985458,-98.72388641025296,4.593619792858885,341.5014275416719,518.102223330995
1328,47.04531514371416,-323.829275071447,-101.07056598308102,-208.3661815321776,-84.92908716748282,4.993142735253778,344.86961578602364,547.4959997224141
1329,47.88942421260742,-325.2500840033618,-105.81963901791651,-237.40753252046525,-70.15185106800547,6.04269420207621,347.71493288675373,575.6674605939768
1330,48.47567289106023,-326.1230717947597,-110.42304213948168,-263.59604090096775,-54.60121881155774,7.847749505302951,349.9742107742132,602.2659862950824
1331,48.78126129846087,-326.4056477858784,-114.82026956190877,-286.2310134112,-38.5003753408718,10.50225818801579,351.5888378075054,626.9520455271191
1332,48.78815988481349,-326.0603551810724,-118.95454059513987,-304.69500666313206,-22.083070540888787,14.085476705962368,352.5067303682439,649.4047323921016
1333,48.48354880445504,-325.0564521075622,-122.77428950309785,-318.4755253362483,-5.589650535628681,18.658819289298204,352.6842862463947,669.3294657028862
1334,47.86010741200528,-323.3714616670512,-126.23449515204545,-327.18351065983563,10.737203762084862,24.262826326861617,352.08824084007966,686.4654366569688
1335,46.91614411082525,-320.9926207420496,-129.29780094182675,-330.5677058767736,26.656910110946527,30.914372849565943,350.69734324505527,700.5923643766145
1336,45.65556416641701,-317.9181528064835,-131.9353852735203,-328.52413751087147,41.935451848471246,38.604259945022996,348.5037693732813,711.5361453838273
1337,44.08768040111264,-314.15828987091083,-134.1275538374593,-321.10015897289276,56.34973046732442,47.29534551032962,345.5141938708766,719.1730601900534
1338,42.22687874309421,-309.7359739950965,-135.86403647413223,-308.49275535916814,69.69165660801015,56.92137425750588,341.7504523629907,723.4323176288286
1339,40.09215718357972,-304.6871800338429,-137.1439829469559,-291.04108920954934,81.77184227251199,67.38665768647783,337.2497407271068,724.2968596061526
1340,37.70656244277118,-299.0608180867543,-137.9756635388378,-269.2135578236087,92.42277524762201,78.56673124745927,332.06431826289975,721.8024969492659
1341,35.096553072730444,-292.91819519971096,-138.375891625364,-243.58991445639765,101.50138084968034,90.31007797954197,326.26070543267434,716.0355818827834
1342,32.29132023145728,-286.3320392050796,-138.36919575099606,-214.83926039297046,108.89090380453338,102.4409572236421,319.91839220454364,707.1295263364213
1343,29.322097404104706,-279.3851109063683,-137.98677772209518,-183.69492635461197,114.50207247584808,114.76331716798272,313.12809762789396,695.2605319923559
1344,26.221487757206624,-272.1684520206618,-137.26530050455477,-150.92741602339123,118.27353780462747,127.0657060737118,305.98964308821843,680.6428963349467
1345,23.0228329664478,-264.77933380246645,-136.24555508958863,-117.31667093794606,120.17161015639729,139.12703480639414,298.6095192667527,663.5241969394867
1346,19.75964107985399,-257.3189841347408,-134.97105880464989,-83.62492818200775,120.18934888492106,150.72298826035768,291.09823931191795,644.1805472811659
1347,16.465084259291647,-249.89017875315093,-133.48663866035832,-50.57137916506761,118.3450910134804,161.63283976376246,283.56757781610906,622.9119909562913
1348,13.171570935239062,-242.59478532028692,-131.83705222655342,-18.809704487817033,114.68053458981676,171.6463933562806,276.1277970531554,600.0379924472061
1349,9.910391570841195,-235.53134777364127,-130.06569535607363,11.09063250810341,109.25851508356067,180.5707652638558,268.8849590798287,575.8929164245203
1350,6.711433165381024,-228.7927934114228,-128.21344101328557,38.6586863946918,102.16062528643299,188.23671828615574,261.9384154297415,550.8213708892074
1351,3.6029549054614756,-222.46433723988167,-126.31764668170392,63.531537177705964,93.48482712461998,194.50428073955507,255.37855590768828,525.1733144124668
1352,0.6114158001243054,-216.62164774066107,-124.41135951203593,85.45888223590187,83.34318633456542,199.26741385199168,249.28488498978746,499.2988800829795
1353,-2.2386556378327507,-211.32932591401942,-122.52273887131483,104.30284273235122,71.85982950115805,202.4575360396837,243.72447911529463,473.5429336501153
1354,-4.9247598627756775,-206.63973578729437,-120.67470580355864,120.03333997643018,59.16918136404586,204.04576652137013,238.75086145704353,448.2394477633171
1355,-7.426502985515453,-202.59221018566,-118.88481873702202,132.7195843344243,45.41449404680512,204.0438108866801,234.4033134255249,423.705827975902
1356,-9.725661266570288,-199.21264100550428,-117.16536514650755,142.51836069574637,30.746634982499366,202.50347381298346,230.70662496279442,400.2373625583235
1357,-11.806242240534393,-196.5134490044744,-115.52365027060202,149.65988675942944,15.323062280275417,199.5148453422681,227.67126927943136,378.1019843200501
1358,-13.654550314356747,-194.49391478277613,-113.96245673452314,154.43206374871414,-0.6931108147878108,195.20326351674436,225.29397273226616,357.5355297039658
1359,-15.259263375982458,-193.14084081063018,-112.48064323591859,157.16393684621065,-17.134074591759966,189.72520483372483,223.5586376706833,338.7376627510564
1360,-16.611525084883638,-192.4295046212321,-111.07384641240277,158.2091401798164,-33.82841700187672,183.2632927004193,222.4375658174708,321.86860517058113
1361,-17.705054909060614,-192.32485597294817,-109.73524769980239,157.9300256564826,-50.60245273392633,176.02064134607002,221.89292240773926,307.04678444595703
1362,-18.536274662180137,-192.78290596560535,-108.45636645078076,156.683074323518,-67.28186278355557,168.21476773577186,221.87837696220936,294.34748345862494
1363,-19.10444656919474,-193.75225367102328,-107.22784175658133,154.80607145285455,-83.69368759187788,160.07130697593348,222.34085509574274,283.80254860392586
1364,-19.411814203819013,-195.17569560330563,-106.04016813437046,152.60740001774764,-99.66867895660391,151.81775833086613,223.222336898801,275.40118745710527
1365,-19.46373445517862,-196.99186505663442,-104.88435431031667,150.3576786586609,-115.04397612341587,143.67747074531263,224.4616408662241,269.09185892598043
1366,-19.26878636827835,-199.13685170338883,-103.75247954532813,148.28384556840047,-129.66603328317242,135.86405059067656,225.996137763235,264.78522555317016
1367,-18.83884157654656,-201.54575657541562,-102.63812805451447,146.56567388877502,-143.39369243837817,128.57634242362866,227.76334584888008,262.35809757015085
1368,-18.189081295906824,-204.15414334715354,-101.53668871030617,145.3346012642356,-156.10127012765776,121.99409822733266,229.70236710954805,261.65825249874086
1369,-17.337946407325347,-206.8993534451257,-100.44551405949719,144.6746694612228,-167.68151099419666,116.27441420336287,231.75513320493573,262.50996685875316
1370,-16.307009705604433,-209.72165968869,-99.36393952830117,144.62530192401084,-178.0482568258329,111.54897872479296,233.86743937466244,264.72005451474683
1371,-15.120762601216917,-212.56524062651297,-98.29317041917652,145.1855992339595,-187.13868645718395,107.92214221884367,235.98975425910336,268.08417601828097
1372,-13.806312251762417,-215.37896508563213,-97.23605072763736,146.31980484627195,-194.9149987679098,105.46979088256475,238.0778030177928,272.3931693735016
1373,-12.39298920799872,-218.1169833099115,-96.19673359222729,147.96358506041196,-201.36543631870106,104.23898231677524,240.09292979730205,277.43915633653955
1374,-10.911870055790558,-220.73912720445045,-95.18027791691492,150.03077567483749,-206.5045791211433,104.24828305629782,242.00225312375693,283.0211985188532
1375,-9.395223924020115,-223.21112760496052,-94.19219898648218,152.42027018656643,-210.37287469546817,105.48873568433066,243.77863398740865,288.95031144426355
1376,-7.875895740457095,-225.504661239157,-93.23800245114955,155.02275743363447,-213.03540966439056,107.92537626230514,245.40048120895844,295.0536885369814
1377,-6.386642474416531,-227.59724416723745,-92.32273071629488,157.7270570204941,-214.57996692074113,111.49922026756005,246.85142211114922,301.1780364315721
1378,-4.9594411861285055,-229.47199185420195,-91.45054852936231,160.4258457564803,-215.11444787281076,116.1296360153137,248.11986848820243,307.1919735305821
1379,-3.6247894668221234,-231.11726838337293,-90.62439064992726,163.02061507721223,-214.7637686339854,121.71702756460225,249.19850826899955,312.9874913821829
1380,-2.4110197412870398,-232.52624845487344,-89.8456893714265,165.42574582689917,-213.66636025841834,128.1457533484251,250.08375210926982,318.48052009872185
1381,-1.3436488830038427,-233.69641572210844,-89.11419384392498,167.57163112800944,-211.97041520346332,135.28721128633188,250.77516162601592,323.61067265345105
1382,-0.44478376458589125,-234.62901989544386,-88.42788709052365,169.40681909701163,-209.8300250226776,143.0030251711812,251.27488246109738,328.34026747737613
1383,0.26739808297364914,-235.3285131348036,-87.78300072125539,170.89918413086133,-207.40134848913138,151.14827022056002,251.5871012142609,332.652744264394
1384,0.7790755457841805,-235.80198380818868,-87.17412195620173,172.03616811708523,-204.83893610191973,159.5746777839717,251.71754087062425,336.5505950144138
1385,1.0811042975107603,-236.05860299696783,-86.59438289392848,172.8241612133754,-202.29231785928192,168.13376060412094,251.6730050152869,340.05293239302756
1386,1.1692195211125487,-236.10909647850582,-86.03571816684494,173.28711579124553,-199.9029382372382,176.67980128262644,251.46097721725073,343.192811987069
1387,1.0441141100390205,-235.96525247125567,-85.48917439544455,173.46450654798846,-197.80149765562714,185.07264824324432,251.08927867900218,346.0144154796808
1388,0.7113897407477797,-235.63947316082414,-84.94525334187745,173.40876428834616,-196.10573556271342,193.1802659240856,250.56578459652593,348.5701895197514
1389,0.18138236724962825,-235.14437589815327,-84.39427040355915,173.1823200452833,-194.9186686298253,200.88098948574205,249.89819761545695,350.91802140448027
1390,-0.5311323922914155,-234.49244805157832,-83.82671099096859,172.85439977027607,-194.3272798736612,208.0654393758162,249.09387533575713,353.11851889272646
1391,-1.4073448986952704,-233.6957578996633,-83.23356919736612,172.4977077920548,-194.40164147915166,214.6380581015629,248.1597080206403,355.2324486915013
1392,-2.424915863061692,-232.76572265741765,-82.60665567007818,172.18513000314357,-195.19444550620506,220.51824089238485,247.10204236910823,357.31837727887887
1393,-3.5585643938414613,-231.7129336499425,-81.93886438848668,171.9865760114222,-196.74091167684557,225.64104357844712,245.92664720490842,359.4305490725489
1394,-4.780722491063374,-230.54703770857432,-81.22439089287721,171.96606423583907,-199.05903884645133,229.95746446239954,244.63871705249886,361.61703024167116
1395,-6.06223723983973,-229.27667298897055,-80.45889722502606,172.17913616062648,-202.1501653732408,233.43431131709255,243.24290968189578,363.9181409902446
1396,-7.373101114422463,-227.90945652817348,-79.63962132452602,172.6706667056935,-205.99980253294183,236.0536788498076,241.74341370804717,366.36519411257484
1397,-8.683190601699279,-226.45201998271466,-78.76543085396084,173.4731178735565,-210.57870396187238,237.81207504062695,240.14404224000492,368.97955240966553
1398,-9.962993723965518,-224.9100892270903,-77.8368234284856,174.60526336002235,-215.84413288192445,238.71924590671816,238.44834850772816,371.7720118600148
1399,-11.184307933600277,-223.28860291799288,-76.8558769947717,176.07139342030703,-221.74128787594793,238.79675694748047,236.65975942955058,374.74251127311993
1400,-12.32089122499162,-221.59186470778593,-75.82615565881834,177.86099258379298,-228.20484763562513,238.0763954680805,234.78172320228597,377.880162715356
1401,-13.349051099941862,-219.8237234168339,-74.752577641035,179.94886829030332,-235.16059575487793,236.59846094164237,232.8178671224516,381.16359054162643
1402,-14.248158160339665,-217.98777508931826,-73.64125309827139,182.29569651310246,-242.5270885276081,234.41001043389488,230.7721618841827,384.5615606463625
1403,-15.001073510275466,-216.08758051485046,-72.49930001059778,184.84894111286746,-250.21733186441227,231.5631229399176,228.64908850316266,388.03387579605953
1404,-15.594481712789092,-214.12689160211494,-71.33464612695613,187.54409707074606,-258.1404376867224,228.11324055496215,226.45380385838683,391.5325078277863
1405,-16.019123643350017,-212.1098799650012,-70.15582434400221,190.30620382025145,-266.2032351248242,224.11763618557387,224.19230072337916,395.0029332432929
1406,-16.269926179353714,-210.04136115462822,-68.97176808675407,193.05157346207687,-274.31181702952836,219.6340475591844,221.87155808633935,398.3856353126518
1407,-16.346028268930088,-207.9270080678464,-67.7916123484672,195.6896793455587,-282.3730071276426,214.7195061820901,219.4996774925807,401.61773306590703
1408,-16.25070545196217,-205.77354715534324,-66.62450509767375,198.12515280167017,-290.2957370906785,209.4293782232109,217.08600106631098,404.6346952482216
1409,-15.991197227673256,-203.5889311628331,-65.47943285133118,200.2598391205587,-297.99232548739974,203.81662270976142,214.64120681281224,407.3720952497285
1410,-15.578443735885248,-201.38248236407443,-64.3650633552531,201.99486769606816,-305.37965190242454,197.9312615425228,212.177376856182,409.76736115187674
1411,-15.02674011472166,-199.16500071484316,-63.28960747994177,203.2326953670983,-312.38021951726864,191.82004619342828,209.70803455245655,411.761473524626
1412,-14.35331866893518,-196.94883210149237,-62.26070162086272,203.8790863674949,-318.923098496069,185.52629791162175,207.24814696081532,413.30056283125907
1413,-13.57787056261027,-194.74789273008818,-61.28531107007986,203.84499703955228,-324.9447410457488,179.08989207641758,204.81408980519666,414.3373586742117
1414,-12.72202002053313,-192.57764648038457,-60.36965401315574,203.04833859907947,-330.3896574825519,172.547353131514,202.42357259545938,414.83244498555945
1415,-11.808764952867566,-190.45503264688816,-59.51914511933546,201.41559670705465,-335.2109414992907,165.9320243713294,200.09552195000117,414.7552788974806
1416,-10.861898554341336,-188.39834208103747,-58.738357280363935,198.88329231157894,-339.37063261327796,159.2742767047747,197.84992158347757,414.0849366779079
1417,-9.905426796406658,-186.4270406265602,-58.03099990572322,195.3992740364187,-342.83990499211006,152.6017222931302,195.70760817397036,412.8105579781135
1418,-8.962996802640266,-184.5615400335621,-57.399912103729996,190.92383805137644,-345.5990748292049,145.93940249974656,193.6900234706068,410.9314696960801
1419,-8.05735080259477,-182.82291813024835,-56.847068870887774,185.43067644922246,-347.6374231649947,139.30992472840725,191.81892437847512,408.45698266033907
1420,-7.209819565743188,-181.23259173720066,-56.37359808699355,178.90765918588167,-348.9528371403117,132.73352925031278,190.1160541894206,405.4058673939111
1421,-6.4398678007690195,-179.8119475334871,-55.979805880384276,171.35745719915252,-349.5512794949678,126.22807472718289,188.60277958950823,401.80552854607646
1422,-5.764702021637242,-178.58193782031034,-55.665207944890106,162.7980151111599,-349.44610302963645,119.80893942369147,187.29969961335874,397.69091029835454
1423,-5.198949099902447,-177.56264983877588,-55.42856456361072,153.26288072747664,-348.65723319763856,113.48884359271044,186.22623427808253,393.1031763923874
1424,-4.754411389248587,-176.7728588336244,-55.26791721390785,142.80139527257904,-347.210247564178,107.27760672449132,185.4002020186859,388.08821776364465
1425,-4.439901959682003,-176.22957625203475,-55.18062470008331,131.47874308253733,-345.1353851807904,101.18186078211257,184.83739611437244,382.6950475939365
1426,-4.261161061226814,-175.94760532206874,-55.16339705726585,119.37585273899138,-342.4665216167267,95.20474668008724,184.5511711188206,376.9741475454456
1427,-4.220852469100744,-175.93911687113663,-55.21232615430612,106.58913402961855,-339.24014620262074,89.34562555546911,184.55205103143132,370.9758297940326
1428,-4.318635902652583,-176.21325859848545,-55.322912770836524,93.2300274397102,-335.4943768445069,83.5998383217697,184.84737147973996,364.74867719561513
1429,-4.551309337553476,-176.77581092973344,-55.490090572581046,79.42433595823903,-331.2680445857423,77.95854627247425,185.44096824521748,358.33811866603884
1430,-4.913012936232358,-177.6289019466367,-55.70824777739884,65.31130372041052,-326.59987519321805,72.4086821653101,186.33292392361773,351.7851891243866
1431,-5.395484750140274,-178.77079276746085,-55.9712475943809,51.04240336568873,-321.52778897039997,66.93303567222783,187.51938348818692,345.1255139896525
1432,-5.98835738356839,-180.1957432445363,-56.2724489096917,36.77979488835981,-316.0883334799917,61.51048989446369,188.99244816171398,338.3885482522672
1433,-6.6794843643286805,-181.89396596507447,-56.60472921026819,22.69442391352638,-310.3162575749082,56.11641744602221,190.74015533120325,331.5970904675497
1434,-7.455284992443273,-183.85167434593842,-56.96051233886718,8.963737106475946,-304.24422954304,50.72323608634974,192.7465503055535,324.76708321139625
1435,-8.301096982090131,-186.05122825451662,-57.331804325447465,-4.230993276267111,-297.9026974702463,45.301115721207985,194.99185366212993,317.90770379551464
1436,-9.201527255566038,-188.47137818914362,-57.71024118800221,-16.70772546784201,-291.31988616643724,39.818821359848535,197.45272585461092,311.0217422635539
1437,-10.140792647022101,-191.08760663580355,-58.0871531070134,-28.287053642765603,-284.5219221839473,34.24467071166456,200.10262863851304,304.1062576241505
1438,-11.103043874538455,-193.87256276776267,-58.45364952514406,-38.795909107160554,-277.5330765508463,28.547580780210875,202.9122806255756,297.1534976022597
1439,-12.072667830260723,-196.79658415658776,-58.80072931350862,-48.071481580859874,-270.3761137024135,22.698175196006673,205.85020182950382,290.1520615617483
1440,-13.034564906661481,-199.82829661429733,-59.11941917381486,-55.96526498949058,-263.0727344218883,16.669923102011452,208.88333940712764,283.08828034640067
1441,-13.974399582800256,-202.9352807600519,-59.4009420891328,-62.34711589762188,-255.64409999283527,10.440280998350978,211.97776404710004,275.9477804175755
1442,-14.878823683272401,-206.0847915397482,-59.63691607854818,-67.1092013446439,-248.11142384799302,3.9918107581917193,215.09942379114466,268.71719293051603
1443,-15.735672483945358,-209.24451478471192,-59.81958182456644,-70.16970726024527,-240.49661553973647,-2.686750418636006,218.2149395641658,261.3859617019255
1444,-16.534134181095364,-212.3833429258884,-59.94205595512708,-71.47617920422377,-232.82295977226923,-9.599489654758994,221.2924243002332,253.94819798296905
1445,-17.264893267795703,-215.47215022344326,-59.998604958972436,-71.00837369625533,-225.11581055783404,-16.74240702878467,224.3023053522005,246.4045251544522
1446,-17.9202481583922,-218.48454659050492,-59.984933013843616,-68.78051019226106,-217.40327740700042,-24.102611514670347,227.21812815488417,238.76385333540213
1447,-18.494202993412657,-221.39758856367547,-59.89847549606736,-64.84282993044309,-209.71687700671342,-31.6576428368954,230.01731816929916,231.04502267176355
1448,-18.98253298975624,-224.1924262428918,-59.73868864421153,-59.28238755945875,-202.09212027876447,-39.374939310701244,232.68187801777606,223.27825479555094
1449,-19.382822100962773,-226.85486594956382,-59.507324754652466,-52.22302387942649,-194.56900130747414,-47.211473855048794,235.1989972969654,215.5063545103829
1450,-19.694471266766083,-229.37582983704456,-59.2086813806549,-43.824492265983636,-187.19235174886154,-55.11358251610272,237.56155374058068,207.78560791058564
1451,-19.918675257705118,-231.7516957069582,-58.84981233029669,-34.280736252084246,-180.01202245437838,-63.01701144355886,239.76848619009024,200.18632847851129
1452,-20.058366130628478,-233.98450276377375,-58.44068790381175,-23.817339950278875,-173.08285369629962,-70.84720885457612,241.8250221755701,192.79300878590868
1453,-20.118121692907664,-236.08201183931317,-57.99429184784598,-12.688195163982673,-166.46439714570948,-78.51988773421884,243.74274570095218,185.70404196607507
1454,-20.10403819659714,-238.0576116603684,-57.5266429526278,-1.1714481060722117,-160.2203571755945,-85.9418825538061,245.53949400220372,179.03098415550255
1455,-20.02356773090128,-239.93006608060813,-57.05673011152496,10.43519596705858,-154.41772653014866,-93.0123188998846,247.23907567049352,172.89733695939483
1456,-19.885322345001818,-241.72310096754458,-56.606351083466976,21.819720262804818,-149.12560205761082,-99.62410844981369,248.8708067246481,167.43683816810474
1457,-19.698848667963418,-243.46483359001243,-56.19984722346191,32.66149786793336,-144.41367995127118,-105.66577314860808,250.46886594595776,162.79125993434158
1458,-19.47437854287196,-245.18705164536564,-55.863729106850336,42.637343080237336,-140.35044648046005,-111.02359177269565,252.07147580752294,159.1077267483256
1459,-19.222562796223315,-246.92435325577384,-55.62619128354871,51.42780441366323,-137.00109898385844,-115.5840495106109,253.71992039246894,156.53558084272413
1460,-18.95419658627066,-248.71316332049574,-55.51651837016736,58.723587366874895,-134.4252520893966,-119.23655720686213,255.4574167611072,155.2228397345821
1461,-18.679945764294285,-250.5906456406239,-55.56438929143804,64.23199143465317,-132.67450446841715,-121.87639223553916,257.3278613840861,155.3123086648142
1462,-18.41008434149255,-252.59353424968145,-55.79909157443145,67.68324232862157,-131.78996026462093,-123.40779850279894,259.3744784842066,156.93742860996937
1463,-18.154253413645996,-254.75691122081076,-56.248662874162875,68.83659747642896,-131.7998147363737,-123.74716975734788,261.63840218001,160.21795711122468
1464,-17.921251585535906,-257.1129615871546,-56.938981992299745,67.48610125553282,-132.71712374058643,-122.82622905133793,264.1572288101205,165.25559338375803
1465,-17.718865927196337,-259.6897386082098,-57.8928362441489,63.46586659797369,-134.53787997871038,-120.59510849266991,266.96357936736365,172.12967042073862
1466,-17.55375083748477,-262.5099742476177,-59.12899589372618,56.65476186778729,-137.23951455573985,-117.02522780753802,270.0837143449375,180.89304491115536
1467,-17.431360077956196,-265.58997030527746,-60.661329227758834,46.98038645490097,-140.7799302668115,-112.11186796917832,273.5362443503215,191.56832090751988
1468,-17.355934851792412,-268.93860510514145,-62.49799338868776,34.42222550126682,-145.0971537898159,-105.87633741438596,277.3309794598403,204.14454556299813
1469,-17.330548239318407,-272.55648897493677,-64.64073616567796,19.013883665000023,-150.10966891344043,-98.36763323701507,281.4679584344968,218.5745149612795
1470,-17.357203601347937,-276.4352990879727,-67.08434254833602,0.8443098188542508,-155.71746373358187,-89.6635081756498,285.93669572093194,234.7728247372774
1471,-17.436981740972577,-280.5573207134887,-69.81625711366952,-19.942061171203765,-161.80379324886084,-79.87086599533335,290.71567979091805,252.61479303407853
1472,-17.570228731244455,-284.89521754409344,-72.81640939693972,-43.14630753895348,-168.2376268518523,-69.12542262746344,295.7721508660233,271.9363712677872
1473,-17.756773512479402,-289.41204846806477,-76.05726428764119,-68.51720178988982,-174.87671957706888,-57.590587769454785,301.0621793690636,292.53514019942696
1474,-17.996161846026883,-294.0615420286304,-79.504113020444,-95.75459803793687,-181.57121799976386,-45.455541271926116,306.5310586111334,314.172464515323
1475,-18.28789118382578,-298.78863322417305,-83.11561241526921,-124.51403165312506,-188.1676872777711,-32.932500399024654,312.1140166075742,336.57684869845895
1476,-18.631629588877818,-303.5302606973575,-86.84457086712445,-154.41251708031587,-194.51342552889997,-20.253197804446454,317.737242994565,359.448501001653
1477,-19.02740107601307,-308.216415991451,-90.63896954843715,-185.03550463026536,-200.46091596917682,-7.664615628287708,323.3192181077046,382.4650714546497
1478,-19.475719815279376,-312.7714303998489,-94.44319665720793,-215.94492438009146,-205.87225651719504,4.575951846293774,328.7723224390702,405.2884846550395
1479,-19.977656941361428,-317.1154788295236,-98.19946165648591,-246.6882026147446,-210.62340154742108,16.206406582409752,334.00469585122534,427.5727392245929
1480,-20.534826651691546,-321.1662738156408,-101.84934592873667,-276.8080824881682,-214.6080518950738,26.96579770734027,338.9223070675816,448.97249406287534
1481,-21.149283014612607,-324.84091614159814,-105.33543702541866,-305.8530172255889,-217.74103777998462,36.60055903465823,343.43118512613506,469.1522080940864
1482,-21.823325226919998,-328.0578614209626,-108.60298666808127,-333.3878357694866,-219.96105541926892,44.87085163727237,347.43975593217857,487.7955469236765
1483,-22.5592163835202,-330.7389548761771,-111.60152861414555,-359.00431479738614,-221.2326415363291,51.5568075711356,350.86121937960087,504.61471968521766
1484,-23.358828336488994,-332.81148006761686,-114.28639196953675,-382.33123692694085,-221.5472998663047,56.46445401153503,353.6158965376881,519.359367188366
1485,-24.22323202758421,-334.21016208898226,-116.62004876504379,-403.0434824476269,-220.92372868225007,59.43108862358707,355.6334727871241,531.8245952188357
1486,-25.152258013009728,-334.8790621960784,-118.5732414942552,-420.86969970947104,-219.4071365119186,60.32987995466275,356.8550619311882,541.8577427195006
1487,-26.144055319301962,-334.77329945968535,-120.12584632506437,-435.5981335788226,-217.06767244780306,59.073483300704645,357.23501850652076,549.3635011486058
1488,-27.194678131691294,-333.86053646517615,-121.26744005142972,-447.0802648540848,-213.99803532395836,55.61649366782594,356.7424311072054,554.3070631253756
1489,-28.29772912225448,-332.12217090337543,-121.99755259474192,-455.2320245451954,-210.31035981689968,49.9566021446502,355.3622387222139,556.715075337836
1490,-29.44408556129103,-329.5541833591146,-122.32560089689555,-460.03248892547407,-206.13250445489672,42.134377747338824,353.0959246991215,556.6742969241567
1491,-30.62172995780741,-326.16760352370926,-122.2705131823195,-461.5201230490709,-201.60388438532067,32.23166023655239,349.96175838449557,554.3280093643037
1492,-31.815701303829957,-321.98857178621876,-121.86006379805575,-459.78680709000736,-196.87099977619857,20.368616717771584,345.9945718012712,549.8703727403741
1493,-33.00817671964503,-317.0579896032053,-121.12994767616723,-454.9700345799802,-192.08281015251922,6.699581775755382,341.24507674280136,543.5390595536887
1494,-34.17868707333368,-311.4307688883554,-120.12262999627295,-447.2437978782336,-187.38609882448665,-8.592137337724116,335.77874522906995,535.6066050045362
1495,-35.304464326569075,-305.1747066178689,-118.88601132420482,-436.80875998939484,-182.92096362626063,-25.300257381802705,329.67429236503256,526.3709785054848
1496,-36.36091290504747,-298.369024852466,-117.47195190579107,-423.88234361642134,-178.81656353580172,-43.20204761946135,323.02181445498064,516.1458976043334
1497,-37.32219213104461,-291.10262780199844,-115.93470128398532,-408.68934455302576,-175.18724664285926,-62.06510049715578,315.9206462899876,505.251373003658
1498,-38.16189167006024,-283.47213622305924,-114.32928110453753,-391.45360038007965,-172.12918237830488,-81.65405346743636,308.4770097083516,494.00490148370784
1499,-38.85377730108225,-275.5797652260328,-112.70986981934657,-372.3911264582523,-169.71761709744638,-101.73698652530067,300.80153072294087,482.7136278765452
1500,-39.37258057998212,-267.5311141596204,-111.128237865112,-351.70498370505095,-168.00486345392338,-122.09125013267598,293.0067044224839,471.6676936800168
1501,-39.69480353050845,-259.43293641721124,-109.63228061031326,-329.5819834238021,-167.01911749335716,-142.50851951850106,285.2043852677013,461.13488958321045
1502,-39.799508486607934,-251.39095301308566,-108.26469370313984,-306.191180404476,-166.76417161827783,-162.7989204604079,277.50337549473846,451.3566378258312
1503,-39.669063459393726,-243.50776727436153,-107.0618312698628,-281.6839714042826,-167.22005711421198,-182.79412535639662,270.0071766789148,442.54525107936314
1504,-39.28981469542307,-235.8809298091755,-106.0527817342242,-256.1955129252705,-168.3446090996855,-202.34937363282373,262.8119598712038,434.8823506603364
1505,-38.65266037215427,-228.60119379192352,-105.25868901766523,-229.84710628236212,-170.075902914461,-221.34442437832888,256.00479886638755,428.518281957403
1506,-37.75350270900764,-221.7509911373885,-104.69233871680204,-202.74917098065643,-172.33546765094,-239.68349881175814,249.66219972782048,423.57234142084104
1507,-36.59356013066792,-215.4031508200899,-104.35801969990939,-175.00443702843202,-175.03214292289772,-257.29431342427466,243.84894819670598,420.13362717786896
1508,-35.17952624340935,-209.6198719499678,-104.25166170735231,-146.71102753064727,-178.06641156286057,-274.1263395601465,238.6172855666067,418.2623412064762
1509,-33.52356788930615,-204.45195669132465,-104.36123948247807,-117.96516716536661,-181.33501567978163,-290.1484506694454,234.00641349608748,417.99139965649744
1510,-31.64316012507272,-199.93830193763281,-104.66742425706471,-88.86333116244835,-184.73564794795251,-305.3461340374971,230.04231938793754,419.3282428215505
1511,-29.560761516231903,-196.10564377604803,-105.14445453518417,-59.50373399074568,-188.1715054009659,-319.7184496071655,226.73790646807262,422.2567709184554
1512,-27.303338645782112,-192.9685449087132,-105.76119043904288,-29.987138340160786,-191.55550020340345,-333.27491503995105,224.0934064418667,426.73936082056713
1513,-24.901754141213097,-190.52961200096667,-106.48230967314778,-0.4170356086082249,-194.81394094398132,-346.03248406410745,222.0970473945698,432.7189388712995
1514,-22.3900375364086,-188.77992719125754,-107.26959859282778,29.10069668994272,-197.88952792717083,-358.0127652973953,220.72594530014499,440.12109507559234
1515,-19.804562473774226,-187.6996756632188,-108.0832891322899,58.458520749922464,-200.74354451408365,-369.2396023356644,219.9471841315489,448.8562258963334
1516,-17.183156778043468,-187.2589492027646,-108.88339177584346,87.54819394647711,-203.3571705968046,-379.7371046278474,219.71904726483885,458.82168967858144
1517,-14.564173670214288,-187.4187039689628,-109.63097658656166,116.26180594845073,-205.73189022733087,-389.5281845491949,219.99236177700297,469.9039539117725
1518,-11.985552843251849,-188.13184926635816,-110.28935847538504,144.49277110773266,-207.8890099056746,-398.6336214064107,220.71191740475632,481.9807100206886
1519,-9.483899353135143,-189.34444297607405,-110.82514902561722,172.13668295196896,-209.86834419532897,-407.07164018302865,221.81792331278277,494.9229307907521
1520,-7.093606451528585,-190.9969685623051,-111.2091447857437,199.09197720688843,-211.7261589150584,-414.8579638245423,223.24746829314185,508.5968481806601
1521,-4.8460458860819475,-193.025668184886,-111.41703054076031,225.2603905534892,-213.53248763952922,-422.0062744768581,224.93595335608964,522.8658344284668
1522,-2.768846147868092,-195.36390624391456,-111.42988517124223,250.54723939744633,-215.3679540109817,-428.5290022590222,226.81846948888207,537.5921756841653
1523,-0.8852758998224051,-197.94353752875392,-111.23448669398562,274.86157220234765,-217.3202406810171,-434.4383499476184,228.83109720832465,552.6387333971705
1524,0.7862535139799437,-200.69625411982184,-110.82342135449178,298.116267657114,-219.48034650120695,-439.7474578227925,230.91210814410786,567.8704931105077
1525,2.2325559766313945,-203.55488550851948,-110.1950088208553,320.2281581479138,-221.9387682435218,-444.47161396289283,233.00305222451544,583.1560025024336
1526,3.445901859448932,-206.45462722940982,-109.35306139363884,341.1182545834943,-224.78173332086163,-448.6294203873158,235.0497171353798,598.3687004610189
1527,4.4241090098723515,-209.33417472947994,-108.30649953787791,360.71213680852577,-228.08759748442927,-452.24383357523146,237.00294961155342,613.3881371931448
1528,5.170493279873058,-212.13674129295515,-107.06884887867596,378.9405562643765,-231.92350796879407,-455.3430082176604,238.81933084831473,628.1010826278831
1529,5.693681853590473,-214.81094160740673,-105.65764516518753,395.7402764468903,-236.3424193041104,-457.9608850898292,240.4617009783599,642.4025173773177
1530,6.007296026366725,-217.31152586179127,-104.09377381458236,411.0551536081511,-241.38053669153413,-460.1374773829797,241.89953016573008,656.1964976990516
1531,6.129513340604066,-219.59995284320954,-102.40076969096447,424.8374361938423,-247.05525050915207,-461.91882456530334,243.1091363050153,669.39688350564
1532,6.082522039519046,-221.6447941513093,-100.6041008614835,437.0492379669286,-253.36361478414224,-463.3565987671862,244.07375148403577,681.927916788316
1533,5.891883581185405,-223.4219654043291,-98.73045730837475,447.6641183816408,-260.28141167890044,-464.5073656411684,244.78344136115186,693.7246373685254
1534,5.585821290762007,-224.91478430676779,-96.80706217836146,456.66868663207157,-267.7628325060137,-465.4315191748695,245.23488364648068,704.7331242373486
1535,5.194454915343312,-226.11385970103234,-94.86101951357136,464.0641348188041,-275.74079302378436,-466.1919271874671,245.43101412580418,714.9105542649869
1536,4.7490017972850795,-227.016820042079,-92.91870905076037,469.867601975138,-284.12788667067855,-466.8523401201967,245.38055114380052,724.2250757329001
1537,4.280965665997278,-227.62789381717474,-91.00523601999224,474.1132742841509,-292.8179642465448,-467.4756291621134,245.09741205064506,732.6555014739125
1538,3.821333771132533,-227.9573580233288,-89.1439420079561,476.85313670627073,-301.6883127765526,-468.1219298676777,244.6000376046417,740.1908345020477
1539,3.399802295641089,-228.02087379260342,-87.35598165105588,478.15730581382024,-310.6023902700128,-468.8467736422403,243.91064251651875,746.8296467155258
1540,3.044048715583021,-227.83873064855538,-85.65996888660597,478.1138911326081,-319.41305703871535,-469.69929152856025,243.05441212962944,752.5793374109428
1541,2.779068030944795,-227.43502273138978,-84.07169550064226,476.82835120544394,-327.96622837071556,-470.7205726429896,242.05866661461314,757.4553021009145
1542,2.6265876194698046,-226.83678155924852,-82.6039236637897,474.4223298791488,-336.10485804292676,-471.9422536139401,240.9520148942759,761.4800431264749
1543,2.6045730031524053,-226.07309031575164,-81.26625301416068,471.03197742469007,-343.67314806690297,-473.38540584231606,239.76352061563924,764.6822519784347
1544,2.7268343027718096,-225.17420415306268,-80.06506161246256,466.80577981400364,-350.5208681170657,-475.05977482147307,238.52190172548055,767.0958896881934
1545,3.0027407848128873,-224.1706996106428,-79.00351874345118,461.90193772311494,-356.50765933093606,-476.9634107002019,237.25478359782994,768.7592869571108
1546,3.4370487040549813,-223.0926741465753,-78.08166611808592,456.4853545256949,-361.5071925678098,-479.0827123958739,235.9880233747589,769.714280752951
1547,4.029845494275877,-221.9690142111842,-77.29656265630868,450.7243094897174,-365.41105145398814,-481.39288958327654,234.74512047966695,770.0053996786583
1548,4.776611112009418,-220.8267474537477,-76.64248679677476,444.7869082178606,-368.13221591757065,-483.8588285908105,233.54672534949165,769.6791070481851
1549,5.668394930580562,-219.69049157465486,-76.11118925340767,438.83741645975164,-369.60803231034674,-486.4363304969185,232.4102553520998,768.7831085276664
1550,6.692104054393779,-218.58200898260398,-75.69218841058598,433.03259484883375,-369.80257114010436,-489.07367342873965,231.34962359553447,767.365730306116
1551,7.830896367330707,-217.51987286320562,-75.37310018930509,427.51815966900415,-368.70829211370483,-491.7134370679862,230.37508298081468,765.4753736053915
1552,9.064669136419075,-216.5192466976362,-75.13999416853527,422.4254970866929,-366.3469577314048,-494.29451640836544,229.4931845482733,763.1600513257077
1553,10.370631634679977,-215.59177583818933,-74.97776786075966,417.8687541549013,-362.7697602269111,-496.7542444605303,228.70684600596329,760.4670121973855
1554,11.723948065247262,-214.74558650422833,-74.87053124434041,413.9424184410607,-358.0566514042494,-499.0305402017791,228.0155233305228,757.4424565552619
1555,13.098435073321925,-213.98538454542296,-74.80199399181534,410.7194790815065,-352.3148900714562,-501.06399870141695,227.41547554833878,754.1313455353043
1556,14.46729634147805,-213.3126436192518,-74.75584830583665,408.25023594202383,-345.6768465232995,-502.7998449046554,226.90011032805882,750.5773021362196
1557,15.803875253868345,-212.7258701365933,-74.71614074053886,406.5617917701794,-338.2971271108685,-504.18968074986674,226.46039588875615,746.8225984642735
1558,17.082405502587545,-212.2209304855881,-74.66762669115427,405.658226970381,-330.34910357171185,-505.1929666273655,226.08532295005813,742.9082189695903
1559,18.278738876877277,-211.79142473932794,-74.59610138765755,405.52142069671174,-322.0209507251351,-505.7781918914107,225.7623991211468,738.8739849667026
1560,19.37102937363548,-211.42909048803307,-74.48870135743317,406.11244834410326,-313.5113117139123,-505.92370424021124,225.47815749346435,734.7587215916527
1561,20.34035329891629,-211.12422074024107,-74.334170511572,407.37345705127956,-305.0247216471789,-505.61818328726474,225.21866144183664,730.6004450013082
1562,21.171246360285927,-210.86608089479708,-74.12308526970615,409.2298998121743,-296.76692778647623,-504.8607586880632,224.96998867690144,726.4365455236796
1563,21.85214097685648,-210.64331137998207,-73.84803349658915,411.592996758414,-288.94024694492674,-503.6607870459794,224.7186792579258,722.3039420566736
1564,22.375690061725937,-210.44430455867248,-73.50374256496137,414.36228974434664,-281.73909834839895,-502.03731394799104,224.45213447813785,718.2391846110318
1565,22.738967114020376,-210.25754680824573,-73.08715268899721,417.42816328589987,-275.3458428413758,-500.0182575036171,224.15895619756958,714.2784856527497
1566,22.943536342264416,-210.07191914677827,-72.59743285994082,420.67422025711954,-269.9270471920063,-497.6393574745976,223.8292191759089,710.4576667762398
1567,22.995390551259682,-209.87695224281057,-72.0359382469092,423.97942313717755,-265.6302757338103,-494.942939407246,223.4546720846614,706.812014961479
1568,22.904758583255852,-209.66303398931663,-71.40610971761936,427.2199392263812,-262.58149124373625,-491.97654615992036,223.02886599830768,703.3760517161753
1569,22.685788225515363,-209.42156990922896,-70.713318112303,430.2706589630705,-260.8831235486482,-488.79149003321055,222.547212129224,700.1832280067684
1570,22.35611467820533,-209.1450984009567,-69.96465801656528,433.00638785902873,-260.6128388409161,-485.4413776022749,222.0069732785855,697.2655670299051
1571,21.936328732002192,-208.82736423835755,-69.16869785740333,435.3027420660246,-261.8230163008897,-481.9806565414627,221.40719585101814,694.6532843841712
1572,21.449362356305354,-208.4633548644478,-68.33519486868727,437.03680271304785,-264.5409128083892,-478.46322940661656,220.748591213269,692.3744199004647
1573,20.919812090287405,-208.0493048967375,-67.47478460509697,438.0876028750843,-268.76947270402235,-474.9411737024789,220.03337657387397,690.4545164094784
1574,20.373222340336664,-207.58267490131536,-66.5986552546612,438.3365320685477,-274.4887188775332,-471.4636009014329,219.26508642619297,688.9163777347729
1575,19.835351548997938,-207.06211087832673,-65.71821710799362,437.66774614059756,-281.65764460387646,-468.0756797802157,218.44836597614002,687.7799314712173
1576,19.33144439300132,-206.48739102376294,-64.84477718321851,435.96866580561556,-290.21651278353295,-464.81784190944296,217.5887578925617,687.0622124100383
1577,18.885532714437122,-205.85936619371836,-63.98922820849225,433.13063597320144,-300.08946059540074,-461.72517971697783,216.69249319821895,686.7774708739402
1578,18.519786688478774,-205.17990008004313,-63.16176009964525,429.0498018426333,-311.18730298504147,-458.8270405117873,215.76629619772038,686.9373979118827
1579,18.25393575957316,-204.4518143893062,-62.371600902359205,423.62823812653795,-323.410427800762,-456.14681337692303,214.817212049903,687.5514474532517
1580,18.104776239639982,-203.67884332607886,-61.62679289986172,416.77534642293176,-336.651678621452,-453.70190003942656,213.85246397770402,688.6272252595861
1581,18.085779257553966,-202.8656004673606,-60.934008130928646,408.4095143552982,-350.79912822400087,-451.5038557883561,212.879345205257,690.1709068487249
1582,18.206809049814645,-202.01755970093942,-60.29840593088971,398.4600101015587,-365.73865600856976,-449.55868228645573,211.90514855229512,692.1876422867161
1583,18.473957551464693,-201.14105032076677,-59.723533483950106,386.8690683772444,-381.35625624536266,-447.86725071171145,210.93713429104344,694.6819052766375
1584,18.889497134171982,-200.2432647437058,-59.21126895973066,373.59410934118415,-397.54002028909576,-446.4258310784217,209.98253455688567,697.657747330939
1585,19.45194930771897,-199.33227579484236,-58.761805609418886,358.61002034118695,-414.18175430537485,-445.2267018679129,209.0485904609396,701.1189246432426
1586,20.156263303620168,-198.41705919961638,-58.37367407273018,341.9114218449311,-431.17821375452087,-444.25881329458446,208.14261613164328,705.0688749812894
1587,20.994094804958227,-197.50751585428932,-58.04379906932581,323.5148332903834,-448.4319559114584,-443.50847761298553,207.27208224133338,709.5105337397504
1588,21.95417187638296,-196.61448767943935,-57.767585801997924,303.46065196651784,-465.85183098937085,-442.96006069334663,206.44471026758268,714.4459912940703
1589,23.022732531650526,-195.7497604666084,-57.539030953584806,281.81485835251266,-483.35314988268897,-442.59665047070297,205.66856792341616,719.8760069379833
1590,24.184016399482733,-194.92604711746665,-57.350853114791875,258.67036443614194,-500.85758115328383,-442.4006796952865,204.95215588561175,725.7994069368148
1591,25.420791634804992,-194.15694500567758,-57.194637783574464,234.14792717394303,-518.2928408570286,-442.35448268041864,204.30447611412947,732.2124047051936
1592,26.714897620644308,-193.45686183096942,-57.06099272940019,208.39655722738172,-535.5922455954394,-442.44076848320356,203.7350726754775,739.1078891157059
1593,28.047784170207844,-192.84090529087408,-56.939710498602814,181.59336319222075,-552.6942014927007,-442.642996137597,203.25403708177495,746.4747319235665
1594,29.401028863969312,-192.32473322599068,-56.81993604559218,153.94278350092975,-569.5416996533027,-442.94564117591517,202.87197177459066,754.2971669488741
1595,30.756815745691583,-191.9243626786808,-56.690338776525195,125.67517183270522,-586.08188238283,-443.334346767075,202.5999075574972,762.5542920101856
1596,32.09836075327524,-191.65593852831432,-56.53928959213185,97.04471709249424,-602.2657346833339,-443.79595734265405,202.44917347544842,771.2197399244081
1597,33.410271970792216,-191.53546482739407,-56.355044714640776,68.32669561229136,-618.0479431017619,-444.31843736779894,202.43122065085822,780.2615575484813
1598,34.67883606975544,-191.57850438444424,-56.12593898401049,39.81407067763268,-633.3869498660523,-444.89068266490966,202.55740461410468,789.6423222705146
1599,35.89222603266987,-191.79985437769164,-55.84059163804444,11.813471956448224,-648.2452154023537,-445.50223627505164,202.8387334860875,799.3195141741191
1600,37.04062915864942,-192.21320785634347,-55.48812718389221,-15.359396033472374,-662.5896877676012,-446.1429252820726,203.2855919132142,809.2461501116035
1601,38.11629817319778,-192.83081289402438,-55.058412925707024,-41.384852347714514,-676.3924639959488,-446.80243936304373,203.90745290039288,819.3716739226722
1602,39.113531769025336,-193.6631427387977,-54.54231328566306,-65.94476775040575,-689.6316161932948,-447.4698759056044,204.71259150072842,829.6430855357744
1603,40.02859385447122,-194.7185912921572,-53.93195938630221,-88.72843372159025,-702.2921444418082,-448.1332799269258,205.70781543775865,840.0062808445574
1604,40.85958298218252,-196.00320845293803,-53.22103049100344,-109.43867249708424,-714.3670091241377,-448.7792091288683,206.89822793890312,850.4075639943801
1605,41.60626478059525,-197.5204892093751,-52.40504198009092,-127.79807712793568,-725.8581871892108,-449.39235460001566,208.28703729269523,860.7952839678521
1606,42.269880694710714,-199.2712288175645,-51.48163284617803,-143.55525874440602,-736.7776903944566,-449.95524549671603,209.87542593250942,871.1215382336533
1607,42.85294598800097,-201.25345396363755,-50.450844414734306,-156.49096601251776,-747.1484790675066,-450.44806144376554,211.6624892403212,881.3438781285992
1608,43.35904890692312,-203.46243660101337,-49.31538118354186,-166.42393011981457,-757.0052028734817,-450.84856974558477,213.645250913819,891.4269442542513
1609,43.792661437549995,-205.890793451211,-48.080844332610724,-173.21627889456795,-766.3947007916712,-451.1321964322998,215.81875795093063,901.3439562477637
1610,44.15897044772114,-208.52867021142234,-46.755928566419286,-176.77835729899834,-775.3761961737305,-451.2722314186589,218.17625435752814,911.0779805032639
1611,44.46373623635866,-211.36400545159174,-45.35257340678138,-177.0727897617783,-784.0211294208339,-451.2401593168433,220.7094286705749,920.6229022650019
1612,44.71318336495734,-214.3828650634962,-43.886060652710405,-174.11762336652515,-792.412580422863,-451.00609927511806,223.40872626306003,929.9840352133549
1613,44.913925897153504,-217.56983406564822,-42.37505023164184,-167.988399930594,-800.6442452742405,-450.5393300021787,226.26371317351217,939.1783121063775
1614,45.072925929739576,-220.90844883704753,-40.841546946390906,-158.81901917528668,-808.8189466289914,-449.80887011924756,229.26347412257732,948.2340137959342
1615,45.19748097263524,-224.38164980302813,-39.310790746723136,-146.80127408574523,-817.0466740158707,-448.78407929742957,232.39702387132962,957.1900104043664
1616,45.295232736894896,-227.97223249320152,-37.81106337996717,-132.18296304837747,-825.4421690925905,-447.43524241593707,235.6537085277995,966.0945070167944
1617,45.37418746959682,-231.6632738366856,-36.37340488510016,-115.26451183270215,-834.1220907209432,-445.73409743044124,239.02357202552682,975.0033064288676
1618,45.44273628196488,-235.43851065694736,-35.03123460693506,-96.39407287674722,-843.201815370591,-443.6542680694021,242.49766295313646,983.9776229281073
1619,45.50966307114065,-239.28264882582005,-33.81987337087033,-75.96111076214365,-852.7919490877009,-441.1715651816908,246.06825849663346,993.0815034091801
1620,45.584127708433954,-243.18158466890563,-32.77596622764398,-54.38853201784566,-862.9946473206583,-438.2641257833945,249.7289857159073,1002.3789347535832
1621,45.675613142494974,-247.12252491952796,-31.93680868176642,-32.12347439161206,-873.8998573081315,-434.91236674953495,253.47482563674663,1011.9307383818999
1622,45.7938268513022,-251.09399736765127,-31.339583430322808,-9.62693408989578,-885.5816133477313,-431.09874066075673,257.3019922454629,1021.7913727494708
1623,45.94854956223235,-255.08575075947468,-31.020519275535616,12.637523734791044,-898.0945267760086,-426.8072942640679,261.20768582458845,1032.0057803200405
1624,46.149427257916805,-259.0885489821066,-31.013988920016875,34.215660223182766,-911.4706185474112,-422.0230447180949,265.1897276558136,1042.6064249011804
1625,46.405706075797454,-263.0938707948198,-31.351567452734276,54.67469358792101,-925.7166416649903,-416.73120431949815,269.24609054955465,1053.610665978279
1626,46.725913550096045,-267.0935320743608,-32.061077898076796,73.61524867978619,-940.8120324929705,-410.91629950717316,273.37434653727405,1065.018607397927
1627,47.11749340026515,-271.07925236242664,-33.16565371968775,90.68268031401696,-956.7076138306824,-404.5612431399301,277.57105888544527,1076.8115382789954
1628,47.58640441798286,-275.0421910045242,-34.682850407534126,105.57731989664005,-973.325148952751,-397.6464288403591,281.83114984507824,1088.9510558784825
1629,48.1366967098945,-278.97248002168317,-36.62383913660433,118.06321501980628,-990.5578158423632,-390.14892139461557,286.14727787055244,1101.3789264117622
1630,48.7700805021327,-282.8587809708287,-38.992714883275255,127.97497785449325,-1008.2716364642602,-382.0418171418503,290.5092583165339,1114.0177045691496
1631,49.485503952426356,-286.6878915654352,-41.78594933442835,135.2224284563131,-1026.307859422533,-373.2938428836335,294.90356000068755,1126.7720996084463
1632,50.2787571387027,-290.4444249736555,-44.992015655896836,139.7928093311466,-1044.4862580809286,-363.8692514272986,299.31290678217425,1139.5310482531017
1633,51.142119802268525,-294.1105806832898,-48.591208055968636,141.75045162176355,-1062.6092724133289,-353.7280571337922,303.7160087095382,1152.1704334203957
1634,52.06407057402383,-297.6660208479978,-52.55567430192906,141.2338835604628,-1080.4668933864048,-342.82663683181175,308.0874415788145,1164.5563727860485
1635,53.029075212165615,-301.08786049592015,-56.84967384115796,138.45048046069482,-1097.8421647958012,-331.11870159900155,312.397687257985,1176.548991020343
1636,54.01747069696483,-304.3507744234684,-61.43006769344883,133.66885525513615,-1114.517159459724,-318.5566248201701,316.6133403416229,1188.0065822726576
1637,55.00546069909325,-307.4272185827444,-66.24703863168682,127.20927394173606,-1130.2792737309778,-305.0930932682611,320.6974801051874,1198.7900630962304
1638,55.965235761019414,-310.28775984544103,-71.24503135599872,119.43244836292298,-1144.927674774321,-290.6830322502515,324.61020082962176,1208.7676087555144
1639,56.86522838994132,-312.9015055804008,-76.36389269445786,110.7271094146183,-1158.2797269491234,-275.28574436951345,328.309288760481,1217.8193565604015
1640,57.67050921601077,-315.23662350779597,-81.54018200458977,101.49679906489267,-1170.1772152272154,-258.86719498733737,331.75103033730744,1225.842048039418
1641,58.343325584784175,-317.2609422605754,-86.70861279754426,92.14634209215492,-1180.492174215942,-241.40237622118363,334.89113352483315,1232.7534677820627
1642,58.84377863275012,-318.94262313033556,-91.80357905257249,83.06846993576741,-1189.1321219688236,-222.87768472939976,337.6857414754125,1238.4965220586173
1643,59.130629328148096,-320.2508927750048,-96.76071449711262,74.63106935243393,-1196.0444907848882,-203.2932552018654,340.0925148181384,1243.0427872543353
1644,59.16221849487572,-321.1568247389697,-101.51843078419046,67.16551584540726,-1201.2200459810276,-182.66519931196152,342.0717554103715,1246.395349814865
1645,58.8974807362672,-321.6341544920537,-106.01938108948355,60.95652357948278,-1204.6950916905823,-161.02770647193785,343.58754060798447,1248.59075916794
1646,58.29702753867353,-321.66010881991366,-110.2117989184228,56.23389786048072,-1206.5522831391438,-138.4349658895796,344.6088335599512,1249.699926212252
1647,57.32427074124503,-321.21622651193775,-114.05066739338248,53.16651284936242,-1206.9198996643129,-114.96286781878213,345.11053237252054,1249.827825064634
1648,55.946554265965574,-320.2891439386576,-117.498681425933,51.85875714041417,-1205.969482771868,-90.71043545157559,345.0744196632406,1249.111896257629
1649,54.136259935345564,-318.87131651398664,-120.52697350318367,52.34959547263536,-1203.9118080744488,-65.80092881581929,344.48997419349183,1247.7191052878604
1650,51.87185268692121,-316.9616453858515,-123.11558305264711,54.614289201336156,-1200.9912368512198,-40.38255061589647,343.35500806347403,1245.8416793304543
1651,49.13883149484365,-314.56597843206305,-125.2536592444679,58.568704682365585,-1197.4785785115967,-14.628674277510257,341.6760966559838,1243.6916232346464
1652,45.930554481104316,-311.69745631326293,-126.93939725311294,64.07602123687782,-1193.6626842804126,11.26249014202105,339.4687743821703,1241.494198016454
1653,42.248909642262454,-308.3766782635197,-128.17971797966698,70.95553337350651,-1189.8410784048097,37.068873353751606,336.7574773055915,1239.4806237428434
1654,38.10480611623389,-304.63166838028354,-128.98971061012563,78.99313113294482,-1186.3100084597884,62.54623655425171,333.57522355722205,1237.8803354142449
1655,33.51846494711277,-300.4976309549691,-129.39186570714472,87.95294498726113,-1183.3543527234924,87.43062179871254,329.9630334622883,1236.9131661480492
1656,28.519492883697065,-296.0164922174962,-129.41513327504595,97.58956617960979,-1181.2378525224767,111.4415841516777,325.96910264038917,1236.7818487359448
1657,23.146727772069177,-291.2362350887094,-129.09384490293567,107.66020859029263,-1180.1941355107904,134.28619565455196,321.64775215582034,1237.6652101123302
1658,17.44784938588432,-286.2100425340454,-128.46654140963125,117.93617175589814,-1180.418960408696,155.66377887879753,317.0581893556993,1239.7123847894206
1659,11.478754926617462,-280.9952733291685,-127.57474747467491,128.21300102160424,-1182.0640477708023,175.27129652611154,312.26312079838624,1243.0383005657195
1660,5.302703912985994,-275.65230101303496,-126.46173299631339,138.31881991399482,-1185.2327720911856,192.80929453530422,307.3272643445335,1247.7206048256803
1661,-1.010757107183434,-270.2432521969456,-125.17129806485563,148.1204266791113,-1189.977887822659,207.98826997744243,302.31581100734496,1253.7981150420017
1662,-7.387073524007984,-264.8306840516818,-123.74661514590504,157.5268922524253,-1196.3013558864286,220.53531170304913,297.29288862398874,1261.2708019019815
1663,-13.748142425180538,-259.4762426521314,-122.2291586921189,166.49055851596935,-1204.1562364058225,230.20084142611756,292.32007888793055,1270.1012518161506
1664,-20.013923748453777,-254.2393439425407,-120.65774888033738,175.0055000560056,-1213.450523126782,236.76526648307959,287.4550367545904,1280.2175066131183
1665,-26.10416702234244,-249.17591750430879,-119.06773217575768,183.10366654528906,-1224.0527176113071,240.04534423545624,282.7502566722577,1291.517138287272
1666,-31.940211757069523,-244.337250283046,-117.49031672197167,190.84905479073862,-1235.7988768453004,239.90005339366684,278.2520236340023,1303.8723814859156
1667,-37.446813872037744,-239.7689632460602,-115.95207518990453,198.33036063317573,-1248.500815290225,236.23577043169843,273.9995790334772,1317.1361129692073
1668,-42.55394574515039,-235.51014884837227,-114.47462184996398,205.65262599634073,-1261.955100488684,229.01056018053382,270.0245221382925,1331.1484347132307
1669,-47.19851419154128,-231.592691437612,-113.074464415767,212.92842396314882,-1275.9524497694358,218.2374084926421,266.35045811881895,1345.743587149481
1670,-51.325939532888185,-228.0407866640931,-111.76302496250037,220.2691167128461,-1290.287115334361,203.98625086549663,262.9928936259403,1360.7568945747812
1671,-54.891540262632105,-224.8706699152969,-110.54681840932092,227.77668190411623,-1304.7658382947836,186.38468297114423,259.959371615337,1376.0314303410078
1672,-57.861671786201455,-222.09055788990233,-109.42777192156103,235.53653854113983,-1319.2159620701912,165.61727580813277,257.2498289103684,1391.4240893551475
1673,-60.21457429998854,-219.70080154257695,-108.4036641885971,243.61172001512773,-1333.4923247522293,141.9234583289938,254.85715298187944,1406.8107729890564
1674,-61.94089386651718,-217.69424258069714,-107.46866018282834,252.0386463178538,-1347.482600028847,115.59397276134848,252.76790867441005,1422.0904281753421
1675,-63.04385177804851,-216.05675945929946,-106.61391523974633,260.8246453349675,-1361.1108264791203,86.96595151696103,250.9632013351575,1437.1877374584951
1676,-63.53904994763739,-214.76798263365873,-105.82822227777987,269.9472699338302,-1374.338952778021,56.416708704564726,249.41964018743656,1452.0543271418007
1677,-63.45391388067289,-213.8021530873125,-105.09867731180304,279.35535791286014,-1387.1663271062755,24.356382797474886,248.11036484977262,1466.6684418119776
1678,-62.82678918897532,-213.12909328346225,-104.41134059067258,288.9716899117419,-1399.6271670989097,-8.780391390924093,247.00609851751645,1481.0331197534636
1679,-61.70572176348562,-212.7152560531864,-103.7518733537437,298.6970198499239,-1411.7861554919248,-42.543565308794975,246.07619326499898,1495.17298892666
1680,-60.14696453362465,-212.52481479546748,-103.10613311225762,308.41518688388527,-1423.7324094574349,-76.47726538518619,245.2896358470641,1509.129881230873
1681,-58.213264214757665,-212.52075786215715,-102.46071331993762,317.9989705611862,-1435.5721618253926,-110.12961475976181,244.6159859255192,1522.9575283273762
1682,-55.97198906956256,-212.66595111935416,-101.8034161504406,327.3163246129393,-1447.420563957963,-143.06249994863055,244.02622257412187,1536.7156511659973
1683,-53.49316352033585,-212.92413523747942,-101.12364974860604,336.2366214107663,-1459.3930680474396,-174.86099068169133,243.4934790974875,1550.463784892206
1684,-50.847477674639975,-213.26082804352018,-100.41274372548955,344.6365586264318,-1471.5968676887746,-205.142129544784,242.99365059023145,1564.2551900361052
1685,-48.10433956895269,-213.64410710610406,-99.66417880573236,352.40542024797537,-1484.1228683041734,-233.5628283038943,242.5058632528728,1578.1311903484811
1686,-45.33003521629225,-214.0452534311736,-98.87372841525762,359.44944216306914,-1497.0386240243056,-259.8266386692755,242.01279921982237,1592.1162490496888
1687,-42.586056471078145,-214.43924341048339,-98.03951175929299,365.695102919659,-1510.3826175480108,-283.68920497201344,241.5008754457595,1606.2140509587803
1688,-39.927649511217034,-214.80508260315105,-97.16195990238484,371.09123705910434,-1524.1601784560103,-304.9622527376878,240.96027996380025,1620.4048005989432
1689,-37.402627646650345,-215.1259812009821,-96.24369879283803,375.6099454580918,-1538.3412387213116,-323.516018339903,240.38487350287457,1634.6438786795284
1690,-35.05048147676411,-215.389376869991,-95.2893560181484,379.2463488230712,-1552.8600177972712,-339.2800786559896,239.77196887788097,1648.8619243625756
1691,-32.90180745526346,-215.58681587889097,-94.30530095371329,382.0172924020623,-1567.6166201965714,-352.2425938152405,239.12200449053944,1662.9663319962124
1692,-30.97806311451112,-215.71370786746994,-93.29933042186633,383.95915913083803,-1582.4804225239732,-362.44802872943734,238.4381314320963,1676.8440727278066
1693,-29.291644139135407,-215.768973130097,-92.28031373671645,385.1249833180137,-1597.2950308256466,-369.9934682643467,237.7257358517594,1690.3656782391224
1694,-27.846265824731027,-215.75460376801325,-91.2578120558892,385.5810773409396,-1611.8845085365435,-375.02368487617053,236.99191934421464,1703.390160481171
1695,-26.637619864074786,-215.67516145130782,-90.24168742148375,385.40339028913434,-1626.0605148396169,-377.7251545999375,236.24496013288922,1715.770591959101
1696,-25.654267454365897,-215.53723488375252,-89.24171682346471,384.6738112186138,-1639.6299560112686,-378.3192459192208,235.49377687284533,1727.360039043727
1697,-24.878721852374802,-215.34887951866358,-88.26722603157795,383.4766121647309,-1652.4027397255838,-377.0548251318533,234.74741510081898,1738.0175278403663
1698,-24.28866799723806,-215.11906081003207,-87.3267568017227,381.8951990298942,-1664.1992340471015,-374.20053078235577,234.01457391072344,1747.613728778045
1699,-23.858263844008068,-214.85712046979125,-86.42777940100933,380.0093039141848,-1674.8570671257185,-370.0369686017055,233.30318754621365,1756.0360713564958
1700,-23.559467648905613,-214.57228297261221,-85.57646022863776,377.8927128033253,-1684.236957205464,-364.84906772709377,232.6200734533775,1763.1930421708473
1701,-23.36333751948628,-214.2732170007084,-84.77749166326109,375.6115806338015,-1692.227331150359,-358.91881966737304,231.97065506315053,1769.0174740945458
1702,-23.24125392243366,-213.9676637212463,-84.03398825286608,373.2233447119838,-1698.747568246868,-352.5185947408113,231.35876430763804,1773.4686982647108
1703,-23.166022277765343,-213.66214081206462,-83.34745016984694,370.77621020838967,-1703.7497892584379,-345.9051980919656,230.78652575322528,1776.5334988633483
1704,-23.112820839254574,-213.3617280946347,-82.71779169407434,368.3091504156627,-1707.2191933495828,-339.31479072781366,230.25432137052726,1778.2258791891222
1705,-23.05996824084906,-213.06993756407627,-82.14342955464876,365.8523413852178,-1709.1730226928487,-332.95876221235903,229.76083240273834,1778.5857119816096
1706,-22.989494832761416,-212.78866752893262,-81.62142339681199,363.42793641238524,-1709.6583021285978,-327.02060252123744,229.30315249037298,1777.6764037488986
1707,-22.887511631437597,-212.51823751385655,-81.147658529273,361.0510808225782,-1708.7485559447723,-321.65378270948673,228.8769640880789,1775.581749137088
1708,-22.744379769513845,-212.25749767483924,-80.717059576769,358.73107102733405,-1706.5397435478696,-316.98061897667304,228.47676831386693,1772.402185256893
1709,-22.554691381261524,-212.00400391340943,-80.32382295469341,356.47257248901803,-1703.145679362867,-313.0920637649496,228.09615688428238,1768.2506762288149
1710,-22.317079737643663,-211.75424774857396,-79.96165638091114,354.2768270746087,-1698.6932094302956,-310.04834176979443,227.7281138453683,1763.2484645513011
1711,-22.03388201607653,-211.50392831845343,-79.62401483242853,352.1427990363884,-1693.3174083627243,-307.88032885811526,227.3653343677058,1757.5209183968675
1712,-21.710682205332017,-211.24825263589278,-79.30432410747274,350.0682282574051,-1687.1570369243836,-306.5915581381403,227.00054780739595,1751.1936834828157
1713,-21.355764265840822,-210.98224944383807,-78.99618517026704,348.05057727584966,-1680.3504647513173,-306.16072971131945,226.62683247856336,1744.3893164410622
1714,-20.979506856685287,-210.70108178828247,-78.69355452752393,346.0878730173037,-1673.0322177171477,-306.54459855530763,226.23791017117696,1737.2245361152748
1715,-20.593750764398937,-210.40034385546477,-78.39089778387682,344.1794536004242,-1665.3302588059046,-307.6811179307589,225.82840943263352,1729.8081830257972
1716,-20.211168687952934,-210.07632873139102,-78.08331504554845,342.32663418172024,-1657.3640588153776,-309.49272298905527,225.3940879937112,1722.2399286888076
1717,-19.84466440589046,-209.72625543792603,-77.76663796683474,340.5333035764451,-1649.2434621841064,-311.88965018843066,224.93200639329046,1714.6097287537264
1718,-19.50682478754961,-209.3484457346185,-77.43749907501137,338.8064562501959,-1641.0683065054857,-314.7732019563398,224.44064677996903,1706.9979698213724
1719,-19.20944376850318,-208.94244360606487,-77.09337459231442,337.15665386162306,-1632.9287139584656,-318.0388818763011,223.91997294444957,1699.4762215415326
1720,-18.963132423390228,-208.5090729333937,-76.73260223405634,335.5983989335913,-1624.9059403767333,-321.57934247733476,223.3714297190725,1692.108474766086
1721,-18.77702385941318,-208.05043144788996,-76.35437545730319,334.15039265776335,-1617.0736438640367,-325.2871043911954,222.79788188138994,1684.9527242136985
1722,-18.65857615924701,-207.5698216330563,-75.95871558266042,332.8356413095595,-1609.4994201713455,-329.0570212821068,222.20349465451653,1678.0627409063384
1723,-18.61347138494335,-207.07162180339682,-75.54642330926599,331.6813727390582,-1602.24644657919,-332.7884787786892,221.59355990918021,1671.4898758066252
1724,-18.64560397409847,-206.561103159635,-75.11901145195371,330.7187266394556,-1595.3750795873784,-336.38732702666493,220.97427428451428,1665.2847414802798
1725,-18.757147841210745,-206.044201106986,-74.67862119859169,329.98218974681845,-1588.944263800664,-339.76755498717415,220.35247755736324,1659.4986326804567
1726,-18.948688238109128,-205.52725131406626,-74.22792469598916,329.50875910984854,-1583.012629128319,-342.8527200053266,219.73536147432642,1654.1845684980483
1727,-19.219402084601313,-205.01670265583314,-73.77001721422093,329.33683194836976,-1577.639179475785,-345.57714851585376,219.1301606804183,1649.3978666834137
1728,-19.56726920517425,-204.51882019947982,-73.30830253045201,329.5048380255633,-1572.8835067647624,-347.8869234007901,218.54383824014064,1645.19619305763
1729,-19.989296761606727,-204.03939178326812,-72.84637564415738,330.04964844254954,-1568.8054973273772,-349.7406710766939,217.98277863651845,1641.6390634517488
1730,-20.481740138354578,-203.58345159463008,-72.38790748533263,331.0048118489013,-1565.4645313273074,-351.1101575413077,217.452501150622,1638.786810097335
1731,-21.040305486599532,-203.1550335026017,-71.93653662440809,332.3986837901859,-1562.91820782297,-351.9806979793109,216.95740609954495,1636.6990566989418
1732,-21.660321740832604,-202.7569657391153,-71.49577279846899,334.2525259360031,-1561.2206566326838,-352.35137970262025,216.50056540170814,1635.4327746903257
1733,-22.336872790198832,-202.3907169414011,-71.06891628599864,336.57865816208226,-1560.4205219153826,-352.2350937409806,216.0835673693647,1635.0400159934677
1734,-23.06488337729039,-202.05630167888944,-70.65899605387254,339.3787472667965,-1560.5587204478036,-351.65836678101095,215.70642367001184,1635.5654340904287
1735,-23.839155161321393,-201.75225140030327,-70.26872841922129,342.6423114601955,-1561.6660895118932,-350.6609827358976,215.36754414024657,1637.0437150405924
1736,-24.654352216729183,-201.4756542141331,-69.90049676117007,346.3455102294874,-1563.7610449987078,-349.2953822717967,215.06378256122247,1639.4970433077192
1737,-25.504938029818888,-201.2222641323086,-69.55635157379741,350.450275741743,-1566.8473699451847,-347.625829297639,214.79055368054813,1642.932724289983
1738,-26.38506879606759,-200.98667756166006,-69.23802899225015,354.9038258520129,-1570.9122476192829,-345.7273358152695,214.54201891720683,1647.341076884765
1739,-27.288450415220524,-200.76257216589627,-68.94698502109298,359.63858147479647,-1575.9246419856215,-343.684340550866,214.31133558766277,1652.693696026036
1740,-28.20816878097634,-200.5430009679636,-68.68444212043205,364.5724940399872,-1581.8341125742095,-341.5891422097689,214.09096234321754,1658.942167762923
1741,-29.136504504909524,-200.32073284736381,-68.45144455658935,369.60977338627663,-1588.5701312463764,-339.54009468122695,213.87301189353875,1666.017299074111
1742,-30.06474404961546,-200.08862936612587,-68.24891896841348,374.64199383981696,-1596.0419460953021,-337.6395787436292,213.64964095280098,1673.8289023364628
1743,-30.98299954198855,-199.84004695728785,-68.07773681269418,379.549546969055,-1604.1390139190369,-335.9917725210874,213.41346650579342,1682.2661513975722
1744,-31.880049473661078,-199.5692527615476,-67.93877553205694,384.2034035708214,-1612.7319987236938,-334.7002508653508,213.1579967547798,1691.1985037980648
1745,-32.74321211322341,-199.27184171237624,-67.83297535441086,388.46714425651925,-1621.674310993882,-333.8654516770802,212.87806437175567,1700.4771630497944
1746,-33.55826267490875,-198.94514186854,-67.7613887275952,392.19921666705324,-1630.804142315904,-333.582054587955,212.57024900342876,1709.937036985435
1747,-34.30940400777019,-198.58859463899753,-67.72521972823063,395.2553768946997,-1639.946933323301,-333.93632404591045,212.23327556955576,1719.399133693761
1748,-34.97929877887626,-198.20409664216592,-67.72585139045255,397.49127237997186,-1648.9182004051306,-335.00347432027695,211.8683749623851,1728.673325732732
1749,-35.54916895921247,-197.7962905151468,-67.76485955222644,398.7651229860031,-1657.526638366856,-336.8451179075072,211.4795942668902,1737.5614061981948
1750,-35.99896607272341,-197.37279286052132,-67.84401221876983,398.94045608167573,-1665.5774121621564,-339.50686096979507,211.07404434207479,1745.8603566629522
1751,-36.30761330027138,-196.94434853864885,-67.9652534777901,397.8888504894015,-1672.875550571327,-343.016109606839,210.6620733773856,1753.3657466763939
1752,-36.45331828129009,-196.52490172982007,-68.1306707956836,395.4926434440257,-1679.2293577622247,-347.38014888343116,210.25735597018988,1759.875187004328
1753,-36.41395340594589,-196.13157576386112,-68.34244433382482,391.6475547160608,-1684.4537644423635,-352.58455261070236,209.87688860349715,1765.1917636296694
1754,-36.16749850435202,-195.78455573203965,-68.6027769846344,386.26518318037154,-1688.3735482082186,-358.59197601076016,209.54088428799665,1769.1273862695136
1755,-35.692539036318514,-195.5068703021209,-68.91380422831709,379.2753336289279,-1690.8263621443073,-365.3413758865734,209.27256153340423,1771.5059933451855
1756,-34.968811148765504,-195.32407182542462,-69.27748356714791,370.6281356654919,-1691.6655211815546,-372.74769424771597,209.09782558103004,1772.1665645526023
1757,-33.97778334883318,-195.26381662306386,-69.69546403146596,360.29592209416256,-1690.7625067276442,-380.7020320050292,209.04484278779375,1770.9659020502322
1758,-32.70326309313487,-195.3553501162294,-70.16893695322345,348.27484115610457,-1688.009161226288,-389.0723297355836,209.14351202600145,1767.7811514394702
1759,-31.132015341362724,-195.62890404964168,-70.69846991770956,334.5861848090171,-1683.3195551998886,-397.70456290015056,209.42483980477255,1762.5120437193625
1760,-29.254379062977485,-196.11501532916543,-71.28382671090586,319.277423143904,-1676.631519585662,-406.42444945990826,209.92022846741148,1755.0828487293072
1761,-27.064866806966904,-196.84377795441094,-71.92377730279308,302.42294190472927,-1667.9078453618388,-415.03965875154745,210.6606893044908,1745.444038658664
1762,-24.56273173754123,-197.84404127781082,-72.61590337657137,284.12448482340847,-1657.137160107075,-423.3425018567186,211.6759948062125,1733.5736663893074
1763,-21.752485997334038,-199.14256950347757,-73.35640644156511,264.5113042019003,-1644.3344967535056,-431.1130755547694,212.99378661524057,1719.4784671726227
1764,-18.644353877376766,-200.76317903704805,-74.13992701514837,243.74002125097496,-1629.5415729289412,-438.12282419620647,214.63865805332782,1703.1946929615654
1765,-15.254643018364554,-202.72587195165966,-74.95938463410164,221.9941919074228,-1612.8267995885456,-444.13847637184097,216.63123228215827,1684.7886863483714
1766,-11.606016681199112,-205.04598527007235,-75.80584932877522,199.4835645242622,-1594.285034928816,-448.92630597470895,218.98725896621963,1664.3571954849403
1767,-7.727650051259261,-207.73337684833854,-76.66845528014645,176.44300397984756,-1574.0370938971614,-452.25666005622855,221.71675347792754,1642.0274228750059
1768,-3.655253884565741,-210.79166938015769,-77.53436641011598,153.13104409289525,-1552.2290153057431,-453.90868868214125,224.82320315008877,1617.956790170603
1769,0.5690500089628648,-214.21757445053336,-78.38880167374738,129.82801891736247,-1529.0310783633327,-453.6752047248629,228.30286491057137,1592.332389100809
1770,4.8970147302960605,-218.00031860827008,-79.21512512530899,106.8337155894666,-1504.636549475473,-451.3675940754493,232.1441778958179,1565.3700767194418
1771,9.274725875071816,-222.12119301761672,-79.99500284531597,84.464488280189,-1479.2601298314578,-446.8206889789424,236.32731337692394,1537.3131627198638
1772,13.643237076663619,-226.5532473455389,-80.70862600346861,63.04977489271696,-1453.1360661202953,-439.89750902833384,240.82388262733303,1508.4306290648265
1773,17.939385326212513,-231.26114715268952,-81.33499702127054,42.927965204034884,-1426.5158822364106,-430.493765946275,245.5968213214816,1479.0148190271407
1774,22.09678269024545,-236.2012122106202,-81.85227407005884,24.441580895947514,-1399.6656905269494,-418.54202011096595,250.60046673113717,1449.3785353382384
1775,26.046975325922112,-241.32165084973013,-82.23816788076732,7.931744485219729,-1372.8630482036858,-404.01536968979576,255.78084132560852,1419.8514967585943
1776,29.720754635923246,-246.56300258780618,-82.47038384087631,-6.268063781483286,-1346.3933385427667,-386.93054839552974,261.0761532493016,1390.7761197551727
1777,33.049599155723044,-251.858797829329,-82.52710141672362,-17.83893343010525,-1320.5456769616512,-367.3503065507336,266.4175204181096,1362.5026169001665
1778,35.96721953747856,-257.1364392471134,-82.38748202450549,-26.48407194894156,-1295.6083674697481,-345.38495349059485,271.7299205356478,1335.3834348241403
1779,38.41117310675041,-262.318304349496,-82.03219568484478,-31.936866035133384,-1271.8639630749583,-321.19294825914255,276.93336403617093,1309.7670899597863
1780,40.324509210077764,-267.32306253011564,-81.44395620030188,-33.969297568801935,-1249.5840120357846,-294.9804406422192,281.94428069727536,1285.9914973918424
1781,41.65740213253615,-272.06719264724325,-80.60805413329619,-32.40050163985284,-1229.0235982260137,-266.9996859409682,286.6771034856576,1264.376924358458
1782,42.36872495717949,-276.4666791445239,-79.51287643626642,-27.10520115105813,-1210.4158067033584,-237.54628402216176,291.0460253480936,1245.2187329998499
1783,42.42751566570219,-280.43885626175995,-78.15040113277333,-18.021707618665495,-1193.9662636562755,-206.95522508982427,294.96689649590655,1228.7801047888024
1784,41.81428629200123,-283.90436139169026,-76.5166548969582,-5.159146809307557,-1179.8479122587555,-175.59576013698253,298.35922164062805,1215.2849600413958
1785,40.52212709847455,-286.7891505564598,-74.61212060804631,11.396444966106282,-1168.1961916821936,-143.86515202760341,301.1482090024652,1204.9112987349818
1786,38.55756048194104,-289.02652184561936,-72.44208086112671,31.477501077517665,-1159.1047848416556,-112.18140248619125,303.266816188837,1197.7851926616893
1787,35.9411035659663,-290.5590871171067,-70.01688201055141,54.83210255316452,-1152.6220909888243,-80.97508965200636,304.65773280841364,1193.9756531441783
1788,32.70750415473685,-291.34062887651004,-67.35210173060055,81.12323285277711,-1148.7485621421965,-50.68048883020699,305.27523648056075,1193.4905828936123
1789,28.905621837431095,-291.33777832825797,-64.46860147191546,109.93033359647757,-1147.4350183764732,-21.726184085848722,305.086858016234,1196.273995336816
1790,24.597934442061213,-290.53145222259417,-61.39244393027918,140.75332143816902,-1148.5820277775888,5.474591162682067,304.0747930978929,1202.204650881804
1791,19.859659713500925,-288.9179902727673,-58.154655530262076,173.0191561917591,-1152.0404048292114,30.533621774734105,302.23700188309004,1211.0962191488782
1792,14.777493169361108,-286.50994147445124,-54.79081615667857,206.090975853009,-1157.6128491182376,53.09710640268846,299.58794475615025,1222.6990321293094
1793,9.447975806546609,-283.33645646089366,-51.340463989222954,239.2797355049336,-1165.0567174089429,72.8544910464028,296.1589120600464,1236.7034488023048
1794,3.9755197102431,-279.44325390454026,-47.84631261042939,271.8582034518034,-1174.0878981200383,89.54645028876227,291.9979179569122,1252.7448093804692
1795,-1.5298649590232114,-274.8921417235953,-44.353289943436124,303.07707879066413,-1184.385737834754,102.9717352053359,287.1691431428715,1270.4099176088905
1796,-6.955083067937726,-269.76008811426397,-40.907422650760026,332.1829011020432,-1195.598952307483,112.99262700967354,281.7519271074037,1289.2449508261136
1797,-12.186636255392306,-264.13785264512427,-37.55460350196787,358.4373283122756,-1207.3524359210364,119.53876714927293,275.8393268036534,1308.764657118733
1798,-17.11339239029171,-258.12820315121127,-34.33929096221141,381.1372682307365,-1219.2548605579907,122.6091783723966,269.5362738781642,1328.4626548386996
1799,-21.629356133891086,-251.8437592949053,-31.303198415919063,399.6352690796641,-1230.9069260245287,122.27234684702215,262.95737627728494,1347.82260200619
1800,-25.636351980211703,-245.4045177654082,-28.484034216813313,413.3595109840501,-1241.9100903750343,118.66430094554161,256.22442173895865,1366.329954074744
1801,-29.046532735886544,-238.9351264876539,-25.914352819427393,421.8326996895415,-1251.875572553215,111.98469484353849,249.46365019314865,1383.4839825212975
1802,-31.78463169277456,-232.561985252425,-23.620571724266334,424.68915024279835,-1260.4333858854009,102.4909810505091,242.80286932151571,1398.8096892245478
1803,-33.78988562683536,-226.41025733011915,-21.622199550680072,421.6893648868163,-1267.241133884919,90.49083175943248,236.3684924321526,1411.869228213023
1804,-35.01756766233853,-220.60088056053007,-19.931308349321956,412.731457235719,-1271.9922838504299,76.33304103279228,230.28258039759803,1422.2724416763456
1805,-35.44008315841975,-215.24766701754982,-18.55226943324536,397.8588536873927,-1274.4236318476476,60.397205083168416,224.65996972938166,1429.6861338098095
1806,-35.04759740228382,-210.4545776745463,-17.481757561955806,377.2638115478083,-1274.3216861884637,43.0825330535875,219.60556696888514,1433.8417445840814
1807,-33.84818047589541,-206.31325264692734,-16.709014251452857,351.28642882756014,-1271.527725378663,24.79618258194757,215.21188543532216,1434.5411444500176
1808,-31.86747153361233,-202.90086876790727,-16.21634830521303,320.4089791792235,-1265.941329649387,5.941540153578798,211.55689388550695,1431.660347379976
1809,-29.147881007633096,-200.27838485726804,-15.979841200903559,285.2455815504255,-1257.5222409465914,-13.09312634375261,208.70223776002726,1425.1510294275768
1810,-25.747364057485143,-198.48922165195216,-15.970217325754103,246.52740080754248,-1246.2904723612398,-31.945227368901612,206.6918825587929,1415.0398379632727
1811,-21.7378112162954,-197.55840866137297,-16.153834642851834,205.08376424719214,-1232.3246613401545,-50.28723934354714,205.5512158805032,1401.42557651293
1812,-17.20311222422872,-197.4922148716021,-16.493750338173793,161.8197597310311,-1215.7587374088014,-67.83458463357651,205.28663032755017,1384.4744441637056
1813,-12.236956279857987,-198.27826486079118,-16.95081810074984,117.69104378382485,-1196.7770493109724,-84.35173304989577,205.88559444594017,1364.4135887901136
1814,-6.94043646544503,-199.8861270483902,-17.48477832841712,73.6767223989572,-1175.60816278641,-99.65633140495183,207.31720379778622,1341.52329268366
1815,-1.4195281945698432,-202.26834705552994,-18.055308918723146,30.75126482359313,-1152.5175935847888,-113.62125402430136,209.53318987259092,1316.1281426755297
1816,4.217488574330025,-205.36188710443392,-18.623011497208157,-10.143535340166407,-1127.799776979036,-126.1745582015031,212.4693515506378,1288.5875431550312
1817,9.862595802983098,-209.08992245688702,-19.150315059082015,-48.125530690248574,-1101.769592869093,-137.29741990772257,216.04736273368098,1259.2859120044786
1818,15.410529008329215,-213.36393812084648,-19.602285291796033,-82.39714277357992,-1074.7537641431575,-147.02021205375095,220.1769006511829,1228.622862238727
1819,20.761135978004166,-218.08606316310426,-19.947332830380667,-112.26734521827436,-1047.0824265185781,-155.4169657462534,224.75803204103724,1197.0036239891738
1820,25.82155071008952,-223.15157572842577,-20.157817244068035,-137.16994418804094,-1019.0811334100686,-162.5985201576924,229.6837887707389,1164.8299108104509
1821,30.508137389412592,-228.45150935471207,-20.21054572887514,-156.67755555473985,-991.0635136444292,-168.70471549898156,234.84286067895454,1132.4913884055093
1822,34.74816608008042,-233.875290600833,-20.087166418133013,-170.510865098191,-963.3247481679764,-173.8960138101743,240.12233174793496,1100.3578677012415
1823,38.481188635455624,-239.31333938362266,-19.774456155984577,-178.5429589808495,-936.1359795549439,-178.3449425384714,245.41038619735562,1068.7723196922336
1824,41.66008992426179,-244.65956651198124,-19.264501852531314,-180.79871581189818,-909.7397197166076,-182.22774583031247,250.5989134945718,1038.0447955765808
1825,44.251795943465616,-249.81370746241038,-18.55477353356128,-177.44944809636647,-884.3462799667383,-185.71659892163652,255.5859454089135,1008.4473290860282
1826,46.23762709446374,-254.68343738073878,-17.648086337690682,-168.80315988090504,-860.1312150833279,-188.97269397829862,260.27786410256317,980.2098939008393
1827,47.613292180989525,-259.1862196126091,-16.55244848961095,-155.2909406216486,-837.2337492258913,-192.1404443478734,264.59132791658385,953.5174828413748
1828,48.38852662790783,-263.2508486707564,-15.280793144952021,-137.45013649347285,-815.7561353875743,-195.34298242623723,268.4548709055036,928.5083632825947
1829,48.58638684846154,-266.81865818141415,-13.8505942055379,-115.90502569266776,-795.7638897142003,-198.67904879136307,271.8101429865652,905.2735427303709
1830,48.24222135696549,-269.84437456983966,-12.283369645058103,-91.34577229625644,-777.2868355823716,-202.22129181663783,274.6127692595115,883.8574494894748
1831,47.40234791899322,-272.29660753384917,-10.604080178954264,-64.50644475472646,-760.3208880811694,-206.01592257743346,276.8328189946892,864.2597975545348
1832,46.122474479958406,-274.15797834346233,-8.840435787488078,-36.1428630163418,-744.830506157535,-210.0836040751793,278.4548864748184,846.438565487313
1833,44.46590939424017,-275.4248964893798,-7.0221271932271065,-7.010987237373461,-730.7517362232488,-214.42140037369364,279.4777969383762,830.313980016501
1834,42.501613115184576,-276.10700395970895,-5.1800034446343695,22.153513128100062,-717.9957668894666,-219.00557267062962,279.9139609273857,815.7733601095091
1835,40.30214861950514,-276.2263141797168,-3.3452198936780198,50.65396189722266,-706.4529093826651,-223.79498664705432,279.78840901410297,802.6766491058911
1836,37.9415911491906,-275.8160792853328,-1.5483828567431008,77.84920356941292,-695.996911965957,-228.73488836200758,279.1375460151661,790.8624426858144
1837,35.493459133331406,-274.91942498803036,0.18128201533847563,103.16761450968106,-686.4895093728846,-233.76081317216358,278.007669477299,780.154309299319
1838,33.028727231826494,-273.5877968480289,1.8167112165250574,126.11836243380725,-677.7851002244871,-238.80241156251475,276.4533015012608,770.3671967597352
1839,30.61397925180481,-271.8792651826463,3.333710066619316,146.29978046311345,-669.7354374654743,-243.7870047434358,274.53538581428455,761.3137232414572
1840,28.309753298464642,-269.85673799413024,4.7115626937752495,163.40481710513433,-662.1942101975052,-248.64271858238718,272.319403399063,752.810162069615
1841,26.169124185202676,-267.5861322276219,5.933526892388346,177.22360989348815,-655.0213912772398,-253.3010841800132,269.8734600628359,744.681946632422
1842,24.236559267798384,-265.13455343520934,6.98719951316634,187.64330660874083,-648.0872251634335,-257.6990346691969,267.26639824432823,736.7685438139331
1843,22.54707402234878,-262.56853254729407,7.864742616513194,194.64532308948137,-641.275736202315,-261.780268322143,264.56598319363957,728.9275710491142
1844,21.125703400607957,-259.95236591506534,8.562965523690506,198.30028032293941,-634.4876499881915,-265.4959857623702,261.8372104315862,721.0380630438385
1845,19.98729471873217,-257.34660108805724,9.083263046899619,198.76090605205985,-627.6426401125199,-268.80504231647546,259.14077711709785,713.002828840737
1846,19.13661785483804,-254.80670595277633,9.4314155752353,196.25321823139456,-620.680839093372,-271.6735840447438,256.53175465334095,704.7498773233319
1847,18.56877895218761,-252.38195287172636,9.617262151341205,191.06633015864622,-613.563584175296,-274.07425694354475,254.05849351149823,696.2329279720877
1848,18.26991468345707,-250.1145423235481,9.654262629442242,183.5412308558828,-606.2734037774649,-275.98509284603153,251.7617837816147,687.4310617032584
1849,18.218135607161365,-248.03898242166883,9.55896884169399,174.05890001339287,-598.8132858203035,-277.388182708461,249.67428647429634,678.3476015106227
1850,18.384679626687348,-246.18173197337066,9.350427197223603,163.0281150812829,-591.205301950618,-278.26824863448354,247.82024146292198,669.0083418433936
1851,18.735230514866867,-244.56110589027708,9.04953646556552,150.8732992475596,-583.4886890299439,-278.61122074837766,246.21544865572028,659.4592668934298
1852,19.231352321176725,-243.18743314092785,8.678384852592965,138.02274328173849,-575.7175090030386,-278.40291465665035,244.86750993941575,649.763909580995
1853,19.831988507504047,-242.0634493391552,8.259589905540585,124.89751162640687,-567.958019196609,-277.62789079590414,243.77631098910902,640.0005043646719
1854,20.494974850953565,-241.18489877271622,7.815663301259479,111.90131366999375,-560.2858870130334,-276.2685598024717,242.9347145206209,630.2590785423974
1855,21.178517212465085,-240.54131445331265,7.3684202863861605,99.41158484358728,-552.7833765821747,-274.3045795491903,242.32943025478698,620.6386099174763
1856,21.8425887821055,-240.11693980118034,6.938450537732417,87.77197921912001,-545.5366215497032,-271.7125708284729,241.94202196281748,611.2443556576759
1857,22.45020603216185,-239.89175200740831,6.5446635094835335,77.28642606604804,-538.6330795238612,-268.46616067162984,241.75000860502246,602.1854302587765
1858,22.968548150588934,-239.84254509333869,6.203917068505316,68.21484815178157,-532.1592416773725,-264.5363456611283,241.7280149041839,593.5726821764024
1859,23.36989110060911,-239.9440303621652,5.930733755461853,60.77058076174087,-526.1986475097336,-259.8921529120436,241.84892685529624,585.5168911439914
1860,23.632334534009082,-240.16991341028415,5.737104734641331,55.11946933344614,-520.8302315147366,-254.50156415488854,242.0850097424778,578.1272831825804
1861,23.740307326304023,-240.49391009358715,5.632377636420657,51.380562607384,-516.1270068528735,-248.33265883598872,242.40895012900563,571.5103389080681
1862,23.684845160804564,-240.89066859928346,5.623221194487992,49.62826001672564,-512.1550721987977,-241.354925451083,242.79478872534364,565.768853472482
1863,23.46364106028472,-241.33657069593812,5.713657012417799,49.895719533195965,-508.9729126089405,-233.54068638122814,243.21871761459386,561.0011935412934
1864,23.080876819736062,-241.8103919407449,5.9051471291968625,52.17928814347804,-506.63095422973004,-224.86658013522907,243.65972261111662,557.3006882190434
1865,22.546849692976114,-242.29380776134374,6.196725330455924,56.44368408227805,-505.17132639222933,-215.31504584868543,244.1000591650862,554.7550869221451
1866,21.87741416641928,-242.77173955670236,6.585160284932387,62.62764000361779,-504.627783187568,-204.8757578259609,244.52555783181754,553.4460180072355
1867,21.09326305437051,-243.2325419271414,7.0651394727439945,70.64971090337792,-505.0257395180929,-193.5469625406787,244.92576253920726,553.4483875255218
1868,20.219075499453155,-243.6680385091429,7.629464426180337,80.41396043019981,-506.3823827972423,-181.3366765584384,245.29391138828723,554.8296675245643
1869,19.28256190541497,-244.07341937608572,8.269249846754981,91.81526386256716,-508.70682943612684,-168.26371097788586,245.62677525700695,557.6490372300417
1870,18.31343749626939,-244.4470173780045,8.974121361172323,104.74400410773572,-512.0003034620977,-154.3584957542543,245.92437386663119,561.9563572878275
1871,17.342357094878842,-244.78998400456504,9.732408678995442,119.0899862502018,-516.2563217808273,-139.66368517292557,246.18959208550706,567.7909758944983
1872,16.399843740110242,-245.10588728419438,10.531332574617336,134.7454531648497,-521.4608758570427,-124.2345333554111,246.42772100358115,575.1803847526319
1873,15.515242846067714,-245.40025487267542,11.357185541707018,151.60714546090298,-527.5926025986399,-108.1390357133619,246.64594871894522,584.1387608783087
1874,14.715731861656208,-245.6800849578414,12.195507254811545,169.57740918527932,-534.6229382080546,-91.45783849839759,246.85282497832026,594.6654459888329
1875,14.025413013340172,-245.95334615058147,13.031257006335679,188.56441025591204,-542.5162484472222,-74.28392381759008,247.05772206158662,606.7434275251346
1876,13.464513762867654,-246.22848539264342,13.848985868746238,208.48156219459125,-551.2299281359591,-56.72208151052743,247.27031184991966,620.3378938092551
1877,13.048715985906657,-246.51396025962535,14.63301137221342,229.2463108280204,-560.7144627064324,-38.8881820071099,247.5000760426183,635.3949402599507
1878,12.788630594640452,-246.81780901655966,15.367597023739746,250.77844441730093,-570.9134460041728,-20.908265711187674,247.75586314067326,651.8405041134795
1879,12.689429665617112,-247.1472686093189,16.03713815873099,272.9981092171095,-581.7635518032183,-2.9174646782346474,248.04550232499804,669.5796021292734
1880,12.750643424746073,-247.50844773990627,16.626354649367318,295.82370884751884,-593.1944620644271,14.941228500176054,248.3754810329658,688.4959399748586
1881,12.966124821368188,-247.9060595195921,17.1204901324824,319.1698522986935,-605.1287629551767,32.51833148782661,248.75069013251507,708.451954181717
1882,13.324179867058403,-248.34321593185697,17.50551669477843,342.94549219163883,-617.4818298828799,49.65937209073437,249.17423811859527,729.2893384992595
1883,13.807857431439217,-248.82128420038657,17.768343189305902,367.05236526228447,-630.1617346853857,66.20650965027647,249.64733343360945,750.8300967092692
1884,14.395387915692123,-249.3398028945852,17.897024432682574,391.3838144360562,-643.069220623571,82.00027345258894,250.16923158268077,772.8781537231841
1885,15.060756348509292,-249.89645340180087,17.880967556662647,415.8240394746271,-656.0978024927688,96.88141647742196,250.73724136631336,795.2215458873741
1886,15.774392077602338,-250.48708081883058,17.7111309380391,440.24779327812286,-669.1340583728936,110.69288485613022,251.34678286199323,817.6351993498611
1887,16.50395440535346,-251.10575775680246,17.380210404510944,464.5205147515246,-682.058184676981,123.28190411347076,251.99148914238447,839.8842913971272
1888,17.21519130965581,-251.74488490446475,16.882806653575198,488.49886706841954,-694.7448858663331,134.50218206439405,252.66334400649419,861.7281731391405
1889,17.872846928460454,-252.39532307065068,16.215566965859093,512.0316320230429,-707.0646634969311,144.21622471742006,253.3528488430072,882.9248122734481
1890,18.441592904949363,-253.04655250452885,15.37729352893684,534.9608965988427,-718.885555683518,152.29775552052496,254.04921284348944,903.2356917528691
1891,18.88695902551181,-253.6868564047536,14.369010346330972,557.1234566732065,-730.0753577282253,158.63421978443432,254.74056199776132,922.4310744198683
1892,19.176239666941598,-254.30352656416738,13.193981095377504,578.3523550344112,-740.5043282763371,163.12934531748388,255.41416353424094,940.2955161085124
1893,19.279354097425514,-254.88308991022976,11.85767159640438,598.4784670745411,-750.0483542817698,165.70571763219647,256.0566635608057,956.6334820796052
1894,19.16964042356093,-255.41155514287624,10.36765274100812,617.3320482487097,-758.5925141918406,166.3073142347028,256.6543364454101,971.2748961412946
1895,18.824564884150508,-255.87467866604442,8.733442567961863,634.7441630732993,-766.0349442966658,164.90192839603566,257.1933448448381,984.0804306495417
1896,18.226330223035696,-256.25824860705603,6.966289437609267,650.547926170629,-772.2908803722435,161.48339951769557,257.6600092602165,994.9463307591922
1897,17.362368892027693,-256.54838508959875,5.078901914110016,664.5795017066929,-777.2967177712777,156.07355601698225,258.0410857100716,1003.8085596616149
1898,16.225708732798644,-256.73185426571547,3.0851350915151503,676.6788289238906,-781.013910176096,148.7237689664377,258.32404974171163,1010.6460551432391
1899,14.815200728333242,-256.79639300934883,0.9996475552346885,686.6900691022416,-783.4325125279728,139.5160118659862,258.4973846329082,1015.4829038561569
1900,13.135600871923357,-256.73104058780444,-1.1624525326723063,694.4618036525887,-784.5741692523704,128.56332498816445,258.550871233886,1018.3892700479798
1901,11.197501627477463,-256.52647296047843,-3.3859503403845377,699.8470533379391,-784.4943563873618,116.00959240543564,258.47587637720954,1019.4809606838734
1902,9.01711289670419,-256.1753344783752,-5.655832749589619,702.7032319680242,-783.2837062531432,102.02855630748122,258.2656360201898,1018.9175673166981
1903,6.615897503854791,-255.67256050127546,-7.957539653579993,702.8921892885949,-781.0682753227406,86.82201624493155,257.9155281295292,1016.899192766181
1904,4.020071529455139,-255.0156827218713,-10.277139583692234,700.2805307310791,-778.0086581107195,70.6171896477232,257.42332872368405,1013.6618418199199
1905,1.2599850922724367,-254.20510698814155,-12.601417753008615,694.7404196513338,-774.2978990834366,53.66324304279368,256.7894426854303,1009.4716230249336
1906,-1.6305958599683539,-253.2443515984731,-14.917872994353454,686.1510653993822,-770.1582067215382,36.227039169921234,256.0170993721278,1004.6179666109238
1907,-4.615281919560026,-252.14023280912267,-17.214629002799583,674.4010749027155,-765.8365244400856,18.58818174877013,255.1125020083889,999.4061061418014
1908,-7.655898779949991,-250.90298381530346,-19.480273716172416,659.3917957316893,-761.5990580799464,1.0334749431334602,254.08491942731914,994.1490948984539
1909,-10.713342335320101,-249.54629380221436,-21.70364764520687,641.0417066524575,-757.7248965049812,-16.14905338366419,252.94670891307575,989.1596309715759
1910,-13.74842049952154,-248.0872548955024,-23.87360677074457,619.2918217779657,-754.4988897482954,-32.676388554411304,251.71325974566548,984.7419490911121
1911,-16.72265318558973,-246.54620710565865,-25.978787886164096,594.1119732253406,-752.2039691376222,-48.27682987539799,250.40284872794354,981.1840063201746
1912,-19.59900448610209,-244.94647478752066,-28.007403961309446,565.5077328959577,-751.1131078968148,-62.696147440336915,249.03640169595624,978.7501484383824
1913,-22.342524964283847,-243.31399276076743,-29.947094490943705,533.5276353531407,-751.4811310525905,-75.70338522737909,247.63715890229454,977.6744001129388
1914,-24.920886924309908,-241.6768258839846,-31.784851286763864,498.2702791390933,-753.5365917430586,-87.09610953710704,246.23024711038747,978.1544802974585
1915,-27.30480129146524,-240.0645921067477,-33.50703426694408,459.8908207993286,-757.4739378721869,-96.7049208895035,244.84216685445648,980.3466091157309
1916,-29.468311022784256,-238.5078052691983,-35.09948502199582,418.60634098075866,-763.4461978572434,-104.39707560872289,243.5002090622294,984.3611468053454
1917,-31.38896249262209,-237.03715964666873,-36.54773884522953,374.6995606412253,-771.558415273226,-110.07909836573997,242.23182058203435,990.2590907284065
1918,-33.04786267044115,-235.68278296498826,-37.83732898311295,328.52042134006876,-781.862057374688,-113.69830631971567,241.06394259940572,998.0494533837126
1919,-34.42963574567175,-234.47348780940456,-38.95417040578869,280.48511822493447,-794.3506099560144,-115.24320660485371,240.0223489152717,1007.6875520969473
1920,-35.522297938305826,-233.43605249518652,-39.88500466568611,231.07228653410104,-808.9565497720338,-114.74276959536982,239.13101207157004,1019.0742577887158
1921,-36.31707349512669,-232.59456124461528,-40.617882682059786,180.81618813134196,-825.5498556623179,-112.26461904739988,238.41152407346536,1032.0562725378481
1922,-36.808178121935356,-231.96982995349836,-41.142658900700184,130.2969165386216,-843.938181287142,-107.91221567342903,237.88259503323368,1046.4275281960079
1923,-36.99259781204661,-231.57893832262883,-41.451468578367816,80.12782659280106,-863.8687672568699,-101.82114201567155,237.559647831475,1061.9318136365566
1924,-36.86989052244482,-231.4348823140875,-41.539160187222166,30.940584660661056,-885.0321200132296,-94.15462285319747,237.45452046490823,1078.266737546594
1925,-36.442035049649554,-231.54635344847352,-41.40365715687984,-16.63158836712748,-907.0674308374155,-85.09843606196208,237.57528079693884,1095.0891087139273
1926,-35.713345923607164,-231.91764398824154,-41.046227080331946,-61.971762339258,-929.5696525850558,-74.85538324327449,237.9261515452254,1112.0217617279875
1927,-34.69046574213434,-232.5486701168303,-40.47164156989581,-104.49740922765677,-952.0980958855787,-63.639497296011534,238.50753705610697,1128.661774661826
1928,-33.38243793631904,-233.43509934997863,-39.688215629067436,-143.67790874966107,-974.1863522159969,-51.67016561147322,239.31613820234233,1144.5899261624363
1929,-31.800854412456516,-234.56856398089784,-38.707721357173156,-179.05058450692758,-995.3533001533121,-39.16634319322221,240.34513794210812,1159.3811377287543
1930,-29.960064593637718,-235.93693957174824,-37.54517680961779,-210.23447205587783,-1015.1149051765619,-26.341020393667886,241.58443787750358,1172.6155591842894
1931,-27.877425394125737,-237.52466650231625,-36.2185166745921,-236.94113689691403,-1032.996484887988,-13.39609592358835,243.02092564288262,1183.889894174016
1932,-25.57356563797883,-239.31309342095156,-34.74815682884778,-258.9820194146058,-1048.5450827731372,-0.5177883428405393,244.6387541202504,1192.8285343709979
1933,-23.07263352619381,-241.2808239180027,-33.156469555697036,-276.27197410746714,-1061.3415765494374,12.127300422701666,246.41961609338205,1199.094076080319
1934,-20.402492379884283,-243.40405143830725,-31.4671901327444,-288.82887946450046,-1071.0121429325848,24.395376679058607,248.3430016258876,1202.396826399017
1935,-17.594828585384835,-245.65687189668913,-29.704778632940346,-296.7694093573512,-1077.238709626962,36.16782969455361,250.3864297930278,1202.5029605536517
1936,-14.685136923074479,-248.0115682384096,-27.893763064555493,-300.30126356641046,-1079.768047207681,47.35273845767189,252.52565107535054,1199.241059058084
1937,-11.71255257468043,-250.438865944385,-26.058091152971393,-299.7123414401927,-1078.419187601291,57.88548065770639,254.73482143237746,1192.5068250643976
1938,-8.719506097922327,-252.90816296369272,-24.220517892198558,-295.35749739824763,-1073.0889012655762,67.72843655051477,256.9866535815095,1182.265852661106
1939,-5.751187197359624,-255.3877415695799,-22.40205440598042,-287.64363060836763,-1063.7550211084758,76.86980473996799,259.25255511146935,1168.5543823774462
1940,-2.8548145000073752,-257.8449729757456,-20.62150071696406,-277.0139267197291,-1050.477466747886,85.3215736175095,261.50276650422154,1151.4780399006913
1941,-0.07872080736949943,-260.2465280209665,-18.895080812512468,-263.932083042155,-1033.3968965145843,93.11672113715869,263.70651462835104,1131.2086092083334
1942,2.5287245448197466,-262.55860868283406,-17.23619304818567,-248.86730946687123,-1012.7309944653449,100.30574586793095,265.8321985471564,1107.9789441540304
1943,4.920323348303436,-264.7472154794646,-15.655282656186806,-232.2808086250095,-988.7684825573508,106.9526621623281,267.8476243606534,1082.0761749725468
1944,7.051343591672977,-266.77846484069187,-14.159836271963009,-214.61430639254286,-961.8610303764386,113.13061948892181,269.7203041513217,1053.8334189069205
1945,8.880851477322887,-268.6189682205914,-12.754491513825945,-196.28103693553214,-932.4133126205098,118.9173278816046,271.4178309191282,1023.6202562219963
1946,10.373024319016642,-270.2362810546566,-11.441248468335566,-177.65939683800394,-900.8715345139053,124.39048551549767,272.90833672877733,991.8322815374062
1947,11.498385282450435,-271.5994246251419,-10.219765151514665,-159.08928459112676,-867.7108047176956,129.62340855657578,274.1610352589682,958.8800815376828
1948,12.234901074789345,-272.6794776491402,-9.087716118218934,-140.87095043754934,-833.4217818607774,134.6810564461006,275.146842858838,925.1780186489416
1949,12.56888737217313,-273.4502274030103,-8.041192491924965,-123.26601293341784,-798.497052455543,139.61662760886486,275.83906471117984,891.1332112276139
1950,12.49567411843925,-273.88886304839434,-7.075122506654125,-106.50016671545254,-763.4177125097483,144.46887225276666,276.2141255179537,857.135090696468
1951,12.019993458483441,-273.97668710850974,-6.183693667752693,-90.76702172280535,-728.6406204210098,149.26023230295718,276.25231787721185,823.5458843764842
1952,11.156066137129383,-273.69981536915543,-5.360760259321196,-76.2324837179098,-694.5867629468745,153.99587592528363,275.9385367252667,790.6923227742462
1953,9.927376583077951,-273.0498315480184,-4.60022265190951,-63.03910986740071,-661.6311284613322,158.66364813719258,275.26296537433046,758.8588082591109
1954,8.366141409141452,-272.02436144766347,-3.896367401168207,-51.30994601451262,-630.0944134311018,163.23491238413902,274.22167810765126,728.2822159539741
1955,6.512489538570088,-270.6275320756284,-3.244159417565672,-41.15146378132896,-600.2368024024112,167.66621338695205,272.81712588966326,699.1484331804875
1956,4.413383747451437,-268.8702840790153,-2.639479626861871,-32.65535218144845,-572.2539642205644,171.90165161135155,271.0584750860975,671.5906833530116
1957,2.1213227845936475,-266.7705105535627,-2.079303610155364,-25.899064991891304,-546.2753045922294,175.87582657905884,268.96177390823016,645.6896227210254
1958,-0.30712950525808325,-264.35300184468633,-1.5618186319809264,-20.94516708437911,-522.3644148094381,179.51718157542672,266.549927653198,621.475141079771
1959,-2.8129363845418327,-261.64918429465246,-1.0864781314358585,-17.839647488981974,-500.5215654017992,182.75156713266136,263.8524717145792,598.9297388060796
1960,-5.336246884809065,-258.6966505665522,-0.653994228766779,-16.609464334469198,-480.68801737119804,185.50583540962563,260.90514040782654,577.9932937683297
1961,-7.818064859438716,-255.53848941630264,-0.2662701961484913,-17.25965064824356,-462.75186635435597,187.71128215534503,257.7492391872188,558.5689776923585
1962,-10.201873045963639,-252.2224326960565,0.07372382028120322,-19.770337710885443,-446.5550981952209,189.30676679182812,254.43083701295257,540.5300391344938
1963,-12.435159313977913,-248.79984611532052,0.3621271524098874,-24.094045381976507,-431.90151746069705,190.24136333468715,250.9998037024021,523.7271451956311
1964,-14.47079670393977,-245.32459721549247,0.5944106937725625,-30.153550971751233,-418.56521116849825,190.47642406084285,247.50872350289197,507.99596938374145
1965,-16.268235009184814,-241.8518388592902,0.7656363463253134,-37.84058670089463,-406.29922516645235,189.98697238959463,244.0117206449351,493.1647277187826
1966,-17.794469220913907,-238.43674937446823,0.870743317940512,-47.015538919524666,-394.84415664267334,188.76237949663783,240.5632353888516,479.061395341531
1967,-19.024758836450864,-235.13327140613734,0.9048489311468362,-57.50823890150724,-383.9363998697239,186.80631871095093,237.21679017052563,465.52037605831356
1968,-19.94308149929603,-231.99289042406264,0.863550479815516,-69.1198535262692,-373.3158208632089,184.13603066421214,234.02378477884784,452.3884419793873
1969,-20.542314246613802,-229.06349066129712,0.7432143951143205,-81.6258113842385,-362.7326782603985,180.78096841218147,231.03235696739904,439.52980539899073
1970,-20.824145278482405,-226.38832133243136,0.5412394680961916,-94.77964065824555,-351.95365101323495,176.78092339560405,228.28634073580702,426.8302276395362
1971,-20.79872823838531,-224.00509986623518,0.2562819957867807,-108.31755228804553,-340.76687727532124,172.18375842053996,225.82434920321182,414.20010853244423
1972,-20.48409921402951,-221.9452721863557,-0.11156757488343184,-121.96357620611408,-328.9859519651102,167.0428913158874,223.67900306377763,401.57653532985864
1973,-19.9053837291005,-220.23344330335811,-0.5606646546655183,-135.43504894598271,-316.4528716244835,161.41468140452278,221.87631950669825,388.92430140562436
1974,-19.093826632286316,-218.88698505876232,-1.0877525598712263,-148.44825548022558,-303.03995299989816,155.35586980793295,220.4352705540833,376.2359334442609
1975,-18.08568190806318,-217.91582204420007,-1.6879689182887894,-160.7240437422654,-288.65078489957733,148.9212141080166,219.36751425052356,363.53079108973435
1976,-16.92100209797784,-217.32239163730966,-2.3549156228240045,-171.99325359947957,-273.2203000898177,142.16143908310286,218.67729716863315,350.85332509926
1977,-15.642368280136411,-217.10176988112502,-3.0807886150823984,-182.0018298129043,-256.71407430151623,135.1215998765523,218.3615224253594,338.2705985198918
1978,-14.293601380843642,-217.24195168022632,-3.8565612670751084,-190.51551778143946,-239.12697226563455,127.83992428240475,218.4099739480898,325.86918977223996
1979,-12.91849399519069,-217.72427139886952,-4.672213006674802,-197.3240690798655,-220.48126608936457,120.34716933562636,218.80568502246982,313.75160637292095
1980,-11.559599032456155,-218.5239481869787,-5.516993037005842,-202.24490887285222,-200.82434982051322,112.66649648352073,219.52543700324995,302.03234313817705
1981,-10.257107687815216,-219.61073906200795,-6.3797075702229105,-205.1262376520009,-180.22616684610998,104.81384124357938,220.54037235340778,290.8337191139785
1982,-9.047844815456964,-220.94968187985924,-7.2490181020827835,-205.84955444985923,-158.77645531129508,96.79872878113655,221.81670487451942,280.2816234918838
1983,-7.964404969480887,-222.5019097597004,-8.113738092541281,-204.33159746808377,-136.5819026063834,88.62546714039456,223.31650905647962,270.50129298210766
1984,-7.0344472856761575,-224.22551819019972,-8.963116055039292,-200.52570129540638,-113.76328459034181,80.29463540115867,224.99856983240153,261.61323226106134
1985,-6.280162044240464,-226.0764659497199,-9.787094287771023,-194.42256851302568,-90.4526497677791,71.80477485752337,226.81927369059386,253.72937596266104
1986,-5.71791625603091,-228.00949118286198,-10.57653392323963,-186.05044888213956,-66.79059399801754,63.15418712778461,228.73352212147256,246.9495760356617
1987,-5.358080122378118,-229.97902439794922,-11.323398463046564,-175.47471326955997,-42.92365810571144,54.34274344840851,230.69564866228052,241.35848301217646
1988,-5.2050309635281815,-231.940080594233,-12.020889758875667,-162.79680411693795,-19.001869382960624,45.37361379154985,232.6603211653009,237.02287483513553
1989,-5.257326388431899,-233.84911322280846,-12.663532810459301,-148.15254193227096,4.82356132279091,36.25483241582101,234.58341139663048,233.9894735381687
1990,-5.50803423953314,-235.664813530335,-13.247208658559613,-131.70977025373892,28.402382328308043,27.000627564474197,236.4228149559231,232.283279410945
1991,-5.945203316560114,-237.34884023206786,-13.76913755167165,-113.66533158937582,51.587283961978144,17.632456716851223,238.13920595179627,231.90644505803718
1992,-6.552456056526374,-238.86646627913342,-14.227817046107655,-94.2413847729485,74.23572483425282,8.179704339204518,239.69671270485875,232.83770782961355
1993,-7.309682030126386,-240.18713152683193,-14.622921668652989,-73.6810994701216,96.21160612010019,-1.319984419580088,241.06350277400915,235.03239716393227
1994,-8.193809105049645,-241.284892430689,-14.955172231680265,-52.24379435916263,117.38679831495287,-10.820744079822152,242.2122678684536,238.42303106700612
1995,-9.17962741323568,-242.13876263894363,-15.226183754868648,-30.199618913084876,137.64252364270456,-20.26889738698741,243.1206018587188,242.92051031897475
1996,-10.240640011615119,-242.73294142516602,-15.438301160883153,-7.823911258699824,156.87059520433297,-29.603711804956383,243.77126804693643,248.41590730617392
1997,-11.349913551022789,-243.05693005847843,-15.59443154666046,14.608607315001453,174.97451153140304,-38.75847131095993,244.1523548602173,254.78282712797218
1998,-12.480902523304355,-243.10553926449091,-15.69788096365923,36.82962028757781,191.8704029734283,-47.661821086205975,244.25732203570655,261.8802925392921
1999,-13.608221839749046,-242.87879376115876,-15.752202264398969,58.582795446652725,207.48782472380674,-56.2393358221571,244.0849420658091,269.55607468164146
2000,-14.70834462085885,-242.38174226033595,-15.761058718170334,79.62896742072776,221.77039050703846,-64.41525836476399,243.63914398658818,277.65036354724435
2001,-15.760205066494517,-241.6241831294808,-15.728105975296806,99.75074938840842,234.6762410787114,-72.11435400960869,242.92876836436,285.99965087852274
2002,-16.745689976710768,-240.62031709429365,-15.65689292063522,118.75642650525629,246.1783426952119,-79.26382647199857,241.96724356980616,294.44068719295734
2003,-17.650006744424413,-239.38833901772077,-15.550780329211669,136.48301910854022,256.2646124902819,-85.79524384112942,240.77219422444077,302.8143748045403
2004,-18.46192031978778,-237.94998094904744,-15.412875222588609,152.79844510118983,264.9378700929459,-91.64642615319568,239.36499310765632,310.96946885475404
2005,-19.17385665799323,-236.33001827454495,-15.245978496943291,167.60275436886246,272.2156175778866,-96.76325009675212,237.77026780536633,318.76597587145943
2006,-19.78187533081408,-234.55574996695648,-15.05254364081059,180.8284500722115,278.1296525246049,-101.10133034961306,236.01537298954685,326.07816107901334
2007,-20.285518992334843,-232.6564628229658,-14.834644922950202,192.43994911517578,282.725521034972,-104.62754075982038,234.12983858322224,332.797098495414
2008,-20.687551909469352,-230.66288843274702,-14.593954145778536,202.43226472343684,286.0618185931965,-107.32134175744241,232.14480336993716,338.8327192687506
2009,-20.993603607658507,-228.60666055832283,-14.3317259280096,210.82901648951102,288.2093465162231,-109.17588293015893,230.09244293992714,344.11533211772525
2010,-21.21173676168915,-226.5197796077577,-14.048792416045947,217.67988699454767,289.250130598938,-110.19885175724319,228.0054002111803,348.59660447234444
2011,-21.351960660046842,-224.43409001054752,-13.74556907020791,223.05764958957988,289.2763067754412,-110.41304145288586,225.9162261220258,352.250004078852
2012,-21.425712697684247,-222.38077563325447,-13.422073524407729,227.05489020762894,288.388876721012,-109.85661326337424,223.85683753866326,355.0707091792624
2013,-21.44533027401554,-220.3898779852045,-13.077959422818742,229.7805388103579,286.6963349560858,-108.58303193238534,221.85799900848914,357.0750020512575
2014,-21.423534243341262,-218.4898417693278,-12.712566590640687,231.35631516067437,284.3131688396668,-106.66065770962096,219.9488346502523,358.2991669470057
2015,-21.372942924537732,-216.70709217233644,-12.324987973719477,231.9131809428449,281.35823437099566,-104.17198424513568,218.15637607646443,358.7979203409021
2016,-21.305632928602638,-215.06564806131652,-11.914152725346916,231.58787738926597,277.95301422428975,-101.21251886634634,216.50515173184266,358.64240955296265
2017,-21.232759941677784,-213.58677498022297,-11.478923856709883,230.51961556638796,274.21976988015734,-97.88930999710081,215.01682245307862,357.91782547175916
2018,-21.1642492555774,-212.28868158337255,-11.01820796707544,228.84697581007035,270.27960670424363,-94.3191357843101,213.70986748157046,356.72068597552027
2019,-21.108562369938433,-211.1862628885024,-10.531073543547171,226.70506350691483,266.2504786812982,-90.62637822192357,212.5993245734941,355.1558580229621
2020,-21.072542474221677,-210.2908933888208,-10.016873144513623,224.22296021348987,262.245167414091,-86.94061801104417,211.69658716310948,353.33339728890695
2021,-21.061338127128327,-209.6102725951568,-9.475363672441578,221.52150155758878,258.3692771146465,-83.39399676208774,211.00926072242433,351.36529361319344
2022,-21.078401112506633,-209.1483250661325,-8.906818149903893,218.71140601931978,254.71929291091038,-80.11840441390007,210.54107962174587,349.3622174028649
2023,-21.125551456034742,-208.90515655546838,-8.312122044665838,215.8917711720085,251.38075328248755,-77.2425602151488,210.29188507809178,347.43036561113485
2024,-21.20310013368787,-208.8770676345844,-7.692847271523359,213.14894601625937,248.4265884737908,-74.88906454853104,210.25766427337732,345.66850541830246
2025,-21.310018229698244,-209.05662599286902,-7.051297627330377,210.55577948655423,245.91567520171512,-73.17150558579237,210.43065040919373,344.16530895476427
2026,-21.444140271944548,-209.43279844634552,-6.390520724867899,208.1712359038459,243.89165394543335,-72.19170859130304,210.7994832268255,342.9970632460002
2027,-21.602389211014085,-209.99114337280326,-5.714283477247259,206.0403579714984,242.38204879517136,-72.03721610707588,211.3494292442522,342.22582614058814
2028,-21.781011006083485,-210.71406379640473,-5.027010662105038,204.19454685055618,241.39772164252454,-72.77908394880149,212.0626606010996,341.89808171997765
2029,-21.975807919645398,-211.58112071112947,-4.3336887938702295,202.6521171556948,240.93268297103702,-74.47007087536875,212.91859097839873,342.04392836771126
2030,-22.18236117327893,-212.56940550216993,-3.6397401463330503,201.41907306256027,240.96427120941573,-77.14328911321161,213.894266575172,342.67681039373485
2031,-22.39623537646747,-213.65396945363904,-2.9508739430624975,200.49004127853104,241.4537019376246,-80.81136892032711,214.96480949927508,343.79378116702736
2032,-22.6131590170325,-214.80830723813236,-2.272923150042799,199.849288998269,242.34697741605834,-85.46617350917973,216.1039100670065,345.3762635639141
2033,-22.829177208113286,-216.00488996693088,-1.6116758387637413,199.47175195534618,243.57613611267607,-91.07908151495074,217.28436339557229,347.3912537690148
2034,-23.040774685890035,-217.21574191765873,-0.9727098361807782,199.32400099427176,245.06081133543694,-97.60183356364904,218.4786443886005,349.79289863611194
2035,-23.244968665068427,-218.41305348250162,-0.36123851070718166,199.3650864639382,246.71005798880626,-104.96791831221361,219.65951379616791,352.5243662506547
2036,-23.43937260338603,-219.56982110397263,0.21802578736460257,199.54721863101176,248.42439717724022,-113.0944527120464,220.80064640050935,355.51992487100216
2037,-23.622233169865016,-220.66050286347937,0.7609857423696385,199.8162686145311,250.0980202892507,-121.88449236989882,221.877270416573,358.70714718463825
2038,-23.792443586422767,-221.66167595957344,1.2642474125534695,200.11210613766502,251.62108784318013,-131.22969182415295,222.86680488406378,362.00916402482255
2039,-23.949536885918562,-222.55267968765654,1.7251814943058401,200.3688244328722,252.88205436518246,-141.0132221272594,223.74947927688348,365.3469026670677
2040,-24.09366259205484,-223.3162248847652,2.141957709647247,200.51493463284527,253.76994948978694,-151.1128448281691,224.5089169466666,368.6412572703819
2041,-24.225550099713203,-223.9389483708603,2.5135538462607343,200.473637205825,254.17654779548266,-161.40403757351257,225.13266160886457,371.81515065468875
2042,-24.346461758229417,-224.41188906567038,2.83974194066595,200.16329207073727,253.99836590194215,-171.76306723292106,225.61262424756114,374.79545580945313
2043,-24.45813835422899,-224.7308616208233,3.121054659718347,199.4982087308772,253.13843511914854,-182.06991164214602,225.9454269906628,377.51475182932404
2044,-24.56273933460283,-224.8967039952747,3.3587351831120205,198.38986167808986,251.5078111704045,-192.21094042616153,226.1326211005684,379.9128929495785
2045,-24.66277968780627,-224.9153777327961,3.55467393972925,196.748605083111,249.02679847065994,-202.08127833002555,226.1807585486308,381.93837208052224
2046,-24.761064931589253,-224.79790387673992,3.7113354659673137,194.48591688481824,245.625883929298,-211.58679024679307,226.10130079749737,383.5494625593854
2047,-24.860625205596268,-224.56012335308836,3.831678463001886,191.51714971839604,241.24639275452768,-220.64564474243386,225.91035428172304,384.7151239320179
2048,-24.96464910530679,-224.22227798959443,3.919071919164891,187.76470959697588,235.84089465306945,-229.18943136642798,225.62822938143313,385.41565903924936
2049,-25.07641764909552,-223.80841665504425,3.9772100517678792,183.1615284617432,229.37340161330368,-237.163825541829,225.27882796879032,385.64310999244054
2050,-25.199238672791072,-223.34563959863442,4.010028830291462,177.6546494116631,221.81940685451391,-244.52881263078064,224.8888731773549,385.40137971501184
2051,-25.336382044033652,-222.86320219404905,4.021626825926082,171.20870891453603,213.16581765479313,-251.25849919948897,224.48700315343643,384.70606437120995
2052,-25.491016369956988,-222.39150644508987,4.01619285453389,163.80908268364539,203.4108322952131,-257.3405538205679,224.10275769140074,383.5839817759965
2053,-25.666148184658663,-221.96101461111334,3.9979421887585977,155.46446352231655,192.56380350898056,-262.7753311264455,223.7654926343335,382.0723837078244
2054,-25.86456472853057,-221.60112410215504,3.971062080065128,146.2086606276784,180.64511842758472,-267.57474051510803,223.5032616541343,380.2178475401987
2055,-26.088781283485186,-221.33904620142044,3.9396661669682627,136.10144895208688,167.68610946908652,-271.7609244631791,223.34170832819396,378.07485545083296
2056,-26.34099373531672,-221.198732880688,3.90775619048501,125.228350853719,153.728993705197,-275.3648107395945,223.30301300222766,375.7040869851948
2057,-26.623036764391742,-221.19989571676155,3.879188302645401,113.69929572053933,138.8268218395997,-278.4245980857253,223.40493852457197,373.1704708018636
2058,-26.936347799596085,-221.35715864950257,3.857640197930702,101.64617104836404,123.04340373237791,-280.98422646890435,223.66001651061376,370.54106079674017
2059,-27.28193642616182,-221.6793821719058,3.846574531527054,89.21934495748653,106.45316686500902,-283.0918715320565,224.07491145677682,367.88281707832147
2060,-27.660358216933048,-222.16919067486424,3.849193812710803,76.58330015331579,89.14089839751273,-284.7984896304153,224.64999392769263,365.26038081499485
2061,-28.071691080180443,-222.82272729133197,3.868382176799695,63.91156867454998,71.20132124990545,-286.156426624295,225.37914641040163,362.7339326477652
2062,-28.51551139145943,-223.62965203138262,3.9066300466763555,51.38119261113882,52.738460163268265,-287.21809221551786,226.2498166265532,360.35721769587315
2063,-28.990866540365683,-224.5733896985334,3.965938738167475,39.166957009768836,33.86476465078038,-288.0346935168136,227.24332356980364,358.1758080740003
2064,-29.496240189765246,-225.6316244448067,4.047703689113507,27.435647468776114,14.699971307800675,-288.65501751326013,228.33541173401866,356.2256588238456
2065,-30.029506642781822,-226.7770282234269,4.152577208416321,16.34057755124117,-4.630293251596132,-289.1242522160089,229.4970393084922,354.5319976137138
2066,-30.587871263323393,-227.97820116541746,4.280314269501327,6.016611922595086,-23.996147422342837,-289.4828401474114,230.69537687258395,353.10857411369625
2067,-31.16779479629873,-229.2007933847223,4.429607610394998,-3.4241177167133108,-43.265286979210046,-289.76536439321364,231.89498464736423,351.9572823241414
2068,-31.76490061837296,-230.40877030609772,4.59792077964807,-11.89564287146239,-62.30495821620338,-289.99947552112155,233.0591290310598,351.068158293966
2069,-32.37386542065887,-231.56577771084227,4.781329264517853,-19.340614520839296,-80.98400455403122,-290.2048757516803,234.1511933393174,350.4197462515581
2070,-32.98829550867244,-232.63655858484015,4.974380273263455,-25.731708876909558,-99.17491502429515,-290.39238357859006,235.13613365359416,349.979817906207
2071,-33.60059264867486,-233.5883716416988,5.169981387630548,-31.071950515341392,-116.75580538623308,-290.56310671502575,235.98192855697783,349.70642256466397
2072,-34.20181510169478,-234.39236110129187,5.359327532122866,-35.39396423730518,-133.61227083008697,-290.7077534773366,236.66097133766894,349.5492398940886
2073,-34.78154117036835,-235.02482894516115,5.531874706760601,-38.75820783633349,-149.63906173882265,-290.80611255863244,237.15135499859323,349.45120260666215
2074,-35.32774420820982,-235.4683644264836,5.675367698162275,-41.250274462626145,-164.74154890286485,-290.8267287600804,237.4380041154598,349.3503526078777
2075,-35.826689439545234,-235.7127909342359,5.775927446040322,-42.97738407288339,-178.83695997559423,-290.72679788443577,237.51361307190965,349.1818905837201
2076,-36.26286388033539,-235.75589708312128,5.818201848588163,-44.06420745564533,-191.85538316196255,-290.4522980907554,237.37935713161895,348.8803751046227
2077,-36.61895102495981,-235.60392669344108,5.785581603655897,-44.64818290156529,-203.7405459751848,-289.93836819975775,237.04535074891913,348.3820230117336
2078,-36.87586184387683,-235.27181065787732,5.660480385351863,-44.874494581383345,-214.4503857759593,-289.10993645563786,236.53083601077725,347.62705847521977
2079,-37.012833097790455,-234.7831320940362,5.424676457308078,-44.890883387741695,-223.9574346404728,-287.8825967880887,235.86409269212908,346.56205433566527
2080,-37.00760293389074,-234.16982426164986,5.059710854183238,-44.84245605226856,-232.24904415580278,-286.163724214236,235.08206969816254,345.1422068952169
2081,-36.83667204457092,-233.47160821033944,4.547335509414588,-44.86664770084769,-239.32747643886017,-283.85381693598885,234.2297453729779,343.33348476545797
2082,-36.4756562825536,-232.73518388964283,3.8700030606037332,-45.08847779973131,-245.20988640506818,-280.8480498987382,233.3592311369675,341.11459390217067
2083,-35.89973358285104,-232.01319452552877,3.0113884600510197,-45.61622099106894,-249.92821726561672,-277.03802290019405,232.528639203835,338.47870440514447
2084,-35.08418446171324,-231.36298954684116,1.9569309995340851,-46.53759407940056,-253.52902638137866,-272.31368557556414,231.80074082844982,335.4348896327842
2085,-34.00502139527849,-230.84521625014088,0.6943839880937265,-47.9165399466792,-256.07325185436025,-266.56542150565735,231.24144667446964,332.0092341375075
2086,-32.639698124304864,-230.5222745960646,-0.7856418948944036,-49.79066986817452,-257.6359215959453,-259.6862739210824,230.91814533806405,328.24557324244773
2087,-30.96788548030107,-230.4566728404818,-2.4891566265044687,-52.16940860090715,-258.3057962625063,-251.57429551145884,230.89793962019434,324.2058331501244
2088,-28.972295916840032,-230.70932399840527,-4.41830621016201,-55.0328721737881,-258.18492585155377,-242.13500424002862,231.24582268649522,319.9699459227003
2089,-26.63953492448933,-231.3378244673353,-6.570941994269515,-58.33149649279396,-257.3880877148474,-231.28392550132244,232.02283785319162,315.6353184841426
2090,-23.96095421137323,-232.3947566806831,-8.940260761577871,-61.986425345849405,-256.04206244890617,-218.9491982191854,233.2842665741483,311.3158392925451
2091,-20.933479021429935,-233.92605754996524,-11.51453204545165,-65.89065859902733,-254.2846950932475,-205.07421827849035,235.07788938557437,307.1404110963435
2092,-17.56038013133643,-235.96949362825728,-14.276928202105793,-69.91095465062038,-252.2636840469161,-189.62028661918774,237.44236399461252,303.25100398713823
2093,-13.851959764861398,-238.55328226339196,-17.205471518026446,-73.89047494031885,-250.13504072643457,-172.56922111510087,240.40576321339347,299.80023068503783
2094,-9.826119800449057,-241.69489549877937,-20.273111185388426,-77.65215199217404,-248.06117026028605,-153.9258811856209,243.9843129953303,296.9484564745079
2095,-5.508780278152665,-245.40008018379066,-23.447941020106953,-81.00275539399823,-246.2085375447575,-133.72054270527352,248.18136745182258,294.8604698769737
2096,-0.9341165971660953,-249.66212372638083,-26.693565772526853,-83.73762084617809,-244.74490292916477,-112.01104945126194,252.98665344510192,293.70175674195053
2097,3.855414583679911,-254.46139025428238,-29.969619478725612,-85.6459936203764,-243.83613613021024,-88.8846576889444,258.3758122672076,293.6344390708945
2098,8.809287225025148,-259.76514677599977,-33.232433601381736,-86.51691687135339,-243.6426438379461,-64.45948421939632,264.3102601846426,294.81295931063795
2099,13.869376103566307,-265.5276933297574,-36.43584602914152,-86.14556570665951,-244.3154740312549,-38.88546652170261,270.7373833656242,297.37960970394863
2100,18.970697482947664,-271.6908051124282,-39.532134820588524,-84.33989060048917,-245.99218685728368,-12.344746859209824,277.5910759435262,301.4600232767908
2101,24.042422409433527,-278.1844881821571,-42.47305353066852,-80.92739258063894,-248.79260732622578,14.948600116982002,284.7926226524535,307.1587571503603
2102,29.009154415317667,-284.9280434648142,-45.21093873555664,-75.76181407253074,-252.81459869803348,42.74956556183679,292.2519194994211,314.5551093986321
2103,33.792453633013544,-291.8314264165849,-47.69985557935024,-68.72950047958408,-258.1300164957945,70.78398591176183,299.86901729803117,323.6993171451855
2104,38.31258022728843,-298.7968818506796,-49.896744225873455,-59.755174044996174,-264.7810195794805,98.75114322143143,307.53596374031224,334.6092854705716
2105,42.49042109714969,-305.7208253477054,-51.76252919765833,-48.80686568518633,-272.7769235183742,126.32720810270952,315.13891037713,347.26799314239497
2106,46.249554566856,-312.49593481121343,-53.26315467992573,-35.899771553968826,-282.091779245833,153.16952710335434,322.5604419771189,361.62171104788854
2107,49.5183985501123,-319.0134087279259,-54.37051181294267,-21.098836408843944,-292.66284434269016,178.92173412410665,329.6820779224682,377.57915152698666
2108,52.23237923959887,-325.16534200182065,-55.06322865275178,-4.519912370396686,-304.39008493761713,203.2196406238805,336.3868890917326,395.01164137805745
2109,54.336050565314956,-330.8471658828847,-55.327299626415495,13.670603125154084,-317.1368049588029,225.6978318185182,342.5621691558849,413.75437890543566
2110,55.785090053744185,-335.96009515384617,-55.15653837099031,33.25768467356282,-330.73144975769605,245.99686615874123,348.10209600931546,433.60879724790715
2111,56.54809469963227,-340.4135229428334,-54.5528447729982,53.98112062721929,-344.9705771013241,263.77094392975425,352.91031663180667,454.3460134346226
2112,56.60810128301495,-344.12730115792186,-53.52628258563968,75.54038355975231,-359.6229342149929,278.6958792298836,356.9023867271253,475.71129592391316
2113,55.96375924578514,-347.03384291012134,-52.09496737860362,97.60077629774256,-374.4345283473567,290.47717967094604,360.00799520657847,497.4294341307326
2114,54.63009060836571,-349.0799830220752,-50.28476581903451,119.80065764735839,-389.13453298322634,298.85801192898253,362.17290359865024,519.2108449688162
2115,52.638780409328774,-350.2285344496228,-48.12880735133175,141.75953043676174,-403.44183482916685,303.6268107223418,363.36053257769805,540.7582095640437
2116,50.03795323801417,-350.45948265691413,-45.666809746968454,163.0867760258081,-417.0720006024768,304.6242756531546,363.5531328527903,561.7734048299933
2117,46.89140743567864,-349.77076687575055,-42.94422216799986,183.39083925095235,-429.744430036139,301.7494962225882,362.75248626287953,581.9644843718875
2118,43.277298990285836,-348.17860658319404,-40.01119414944875,202.28869509243705,-441.1894643448389,294.9649517109242,360.980095189596,601.0524720848861
2119,39.28629158479093,-345.71734313240165,-36.92138629434748,219.4154496524304,-451.15523803098785,284.30015069176534,358.27683389347413,618.777757000951
2120,35.019216055308426,-342.4387801013638,-33.73064787401007,234.43393169762004,-459.4140939550822,269.8537053461455,354.70205338412,634.9059143466586
2121,30.584309129109307,-338.4110215486052,-30.49559685845519,247.04411135864507,-465.76842146352357,251.7936782894663,350.33215106101636,649.2328192661832
2122,26.094124866238435,-333.71682477889607,-27.27214779598709,256.99214173670754,-470.0558173049071,230.35609318998993,345.25863652482724,661.5889597040965
2123,21.662230430841436,-328.4515028281378,-24.114040928081035,264.07876643280036,-472.1535015242646,205.84156282220619,339.5857444961653,671.8428876055325
2124,17.39980961783625,-322.7204307108971,-21.07143062156415,268.1667850495994,-471.9819405382095,178.6100561405496,333.42766367765944,679.9037691877569
2125,13.412302936575024,-316.6362273488828,-18.189591686340925,269.18723376325806,-469.50763590628793,149.07389569130453,326.90546585712934,685.7230056069067
2126,9.796212376385187,-310.31570073850236,-15.507798028503577,267.1439303534958,-464.74503214773364,117.68914447967438,320.14383188254976,689.2948988995087
2127,6.63619269928588,-303.87665613366914,-13.058419595468765,262.11605849236025,-457.75748507212137,84.94560408780222,313.2676797478297,690.6563410622554
2128,4.0025397350646905,-297.43467498228557,-10.866271622699646,254.25852447521996,-448.65721963224394,51.35570093598504,306.3988045900187,689.8855126898987
2129,1.94917023622236,-291.09997570561137,-8.948236242409683,243.7999055092819,-437.6041994929738,17.442583363857572,299.6526409442324,687.0995951219735
2130,0.5121679515956409,-284.9744660581467,-7.313162077280082,231.0379131314591,-424.8038344371211,-16.27221252055612,293.13525428810755,682.4515262792931
2131,-0.2910526165358576,-279.14909069858015,-5.962033663856008,216.33240777874065,-410.50346955435384,-49.281146617612755,286.9406617894586,676.1258621337834
2132,-0.46193890530236337,-273.7015668473833,-4.888390186219442,200.09611102417884,-394.98763289879486,-81.10271586427352,281.1485713202983,668.333838821167
2133,-0.02035047350951851,-268.6945860007275,-4.078962651087983,182.78326284200892,-378.5720650723959,-111.29276349344211,275.82261351720126,659.3077613112683
2134,0.9965053671385028,-264.17454148523916,-3.514490831348333,164.87655811354907,-361.59661250375086,-139.4546856664134,271.00912447361924,649.2948715070406
2135,2.535699090528723,-260.1708212327142,-3.17067636441441,146.87276850882634,-344.4171320694987,-165.24819748083533,266.7365171538627,638.5508712330235
2136,4.530690000355245,-256.6956835852032,-3.0192263230774574,129.2675144616923,-327.3966227597297,-188.3963670915602,263.0152584473057,627.3332936455623
2137,6.903829415864735,-253.7447121189707,-3.0289421808103403,112.5396994702956,-310.8958638056651,-208.69068581299237,259.838446596021,615.894929127297
2138,9.569150358662522,-251.29782411995282,-3.1668121081760896,97.13615629875558,-295.2638910778089,-225.9940113528574,257.18296128896793,604.4775163607179
2139,12.435331365126375,-249.32078708955922,-3.3990696066559543,83.45707997248023,-280.8286781339616,-240.24129774913834,255.0111369456002,593.3059029790303
2140,15.408720552266203,-247.76717920993326,-3.6921880110598067,71.8428311259567,-267.88840011795776,-251.43810570577546,253.2728897020387,582.5828609472923
2141,18.396309480127865,-246.58071380830702,-4.013787488889533,62.562679205771865,-256.703645213212,-259.65696742872433,251.90821147524235,572.4847104957504
2142,21.308554375750028,-245.69783519400764,-4.333437881390676,55.80601257132712,-247.49089964157773,-265.03175761766687,250.849931132726,563.1578675630884
2143,24.061954338476973,-245.05048427852853,-4.6233464303773415,51.676467948315384,-240.41757093788746,-267.75029420657455,250.02663383957773,554.7163904879482
2144,26.581311220575348,-244.56892740573815,-4.858924035024904,50.18932428722811,-235.59873535729915,-268.04545636038563,249.36562534431263,547.240569233877
2145,28.801612752617846,-244.18454089061566,-5.019227448958027,51.27236878359143,-233.09570546081684,-266.1851609127706,248.79582823852593,540.7765787687845
2146,30.66949813521469,-243.83244683410246,-5.087277948276739,54.770282118747225,-232.9164207345029,-262.46157961848576,248.25050185055878,535.3372064245373
2147,32.14428303879276,-243.45390275474483,-5.05025945771203,60.452415312720795,-235.0175749151762,-257.18000595811384,247.66968615326536,530.9036554213139
2148,33.19853815152881,-242.99835831684166,-4.8996009133939715,68.02365338736233,-239.30831479802222,-250.6477896645755,247.00228258624279,527.4284145310611
2149,33.818231435214344,-242.42510666483605,-4.630948936408976,77.13789374854146,-245.65528129600682,-243.16374827025825,246.20770057588743,524.8391580112834
2150,34.00245841125108,-241.70447512104212,-4.2440379306909,87.4135221594916,-253.88871717455834,-235.00843762378614,245.25701716077143,523.0435943267546
2151,33.76279659381921,-240.81851961306631,-3.742465692915376,98.45015755192524,-263.8093382415987,-226.43561875520817,244.1336177484767,521.9351171208655
2152,33.12232940885298,-239.76120836075182,-3.1333836752246715,109.84586759192737,-275.19565537232245,-217.66519935693552,242.83330782261297,521.3990363166836
2153,32.1143916592802,-238.538102102168,-2.4271122505881717,121.21403558295631,-287.81144185605,-208.87785828259874,241.36390746440014,521.3190968237618
2154,30.78109301820347,-237.16555936542582,-1.636692620767074,132.1990878508644,-301.4130614925135,-200.21148518853644,239.74436180905877,521.5839437511092
2155,29.171678344542872,-235.66951484885973,-0.7773881418914519,142.4903670617614,-315.7564045118953,-191.75948905869654,238.00341992927716,522.093177611103
2156,27.34078397320467,-234.08389578329076,0.1338514354221456,151.83355490312505,-330.6032176714339,-183.5709527291623,236.17795109506932,522.7626638984747
2157,25.346647644244904,-232.44875432135657,1.07894908341576,160.03919781425637,-345.7266590687334,-175.6525389398807,234.31098004266644,523.5288145790553
2158,23.249326506494004,-230.80820294863528,2.039269343382946,166.9880602248347,-360.91595500722286,-167.971989579427,232.44953124851585,524.3516357588632
2159,21.108972899599028,-229.20824444608644,2.996183470539914,172.63320810394407,-375.98008369151245,-160.4630057737392,230.64237609435884,525.2164253453997
2160,18.984211835962878,-227.69458811998587,3.9316176242078575,176.9988986419516,-390.75045685382696,-153.0312538254867,228.93777633812113,526.1340958825006
2161,16.93065778329913,-226.3105400507533,4.828571013158982,180.17650793193255,-405.0826138792152,-145.56121161386488,227.3813127112359,527.1401812254079
2162,14.99960185359281,-225.095047468196,5.671591144079645,182.31785819906534,-418.85698177901793,-137.9235521355,226.0138792466058,528.2926539733887
2163,13.236893971155368,-224.08096694097435,6.447193779409434,183.62640308675162,-431.9787866375194,-129.9827551102075,224.8699130238369,529.6687293850049
2164,11.68203794282639,-223.2936139374573,7.144216042736661,184.34679083518344,-444.3772264732292,-121.6046434380389,223.9759164798145,531.3608601858411
2165,10.367510413316902,-222.74963825060405,7.754092414761954,184.75335134368078,-456.00403114985664,-112.66355814539428,223.34931606399485,533.4721378036695
2166,9.318307444980627,-222.4562561981891,8.271045185194222,185.13804729843713,-466.83154235556316,-103.04891254805446,222.99768724369451,536.1113138195086
2167,8.551715239972278,-222.4108567506108,8.692183293300294,185.7983967734408,-476.8504468596208,-92.67090258578769,222.91836202122073,539.3876459462363
2168,8.077294876596094,-222.6009852493519,9.017506394036504,187.02582093249538,-486.0672907227918,-81.46519393466328,223.09842164398043,543.4057596551789
2169,7.897065343984994,-223.00469560303753,9.249814310886382,189.09480208866,-494.50189219198256,-69.39645521896331,223.5150644870925,548.2607016727375
2170,8.005864845020287,-223.59125005185953,9.39452555560146,192.25316094059465,-502.18475748695784,-56.46065769753224,224.13632740284882,554.0333450184448
2171,8.391867294558221,-224.32213495153096,9.459412096743014,196.713683487958,-509.15458701244603,-42.68611253281043,224.9221283189802,560.7862859869275
2172,9.037229108398963,-225.15235182470664,9.454260913461335,202.6472532422765,-515.4559401089405,-28.133264920898984,225.82558879910061,568.560350450585
2173,9.918840661623092,-226.03193547821314,9.390475918110669,210.17757691714556,-521.1371050781324,-12.89330823545771,226.79458796047487,577.3717999501932
2174,11.00915697023759,-226.90764542705907,9.28063627792637,219.3775342852259,-526.2481991887588,2.9142804182382256,227.7734936905454,587.2102982992479
2175,12.277082890121592,-227.72477312699377,9.138028710239547,230.26713622448486,-530.839502391664,19.145150269892344,228.7050134127403,598.0376688383656
2176,13.688889172908729,-228.4290054356595,8.976171850588276,242.8130386859648,-534.9600104141505,35.63427534107451,229.53210455408907,609.7874434648865
2177,15.209136991163302,-228.96828416741639,8.80835039826711,256.9295330636926,-538.656179450418,52.200767185067384,230.19988424512763,622.3651794221686
2178,16.801590060423127,-229.29460254539606,8.647175661321192,272.4809134899409,-541.9708269679021,68.65311789297346,230.65747862438283,635.6495001817485
2179,18.430095209842037,-229.3656818140668,8.504187600497104,289.2851070495171,-544.9421516095108,84.79468582605682,230.85975446704762,649.4938032249584
2180,20.05941409001639,-229.1464752055434,8.389511646073089,307.118441956785,-547.6028394420125,100.42923885668188,230.7688796636724,663.7285697896955
2181,21.655990602319438,-228.6104516929096,8.311581435301793,325.7214196489883,-549.9792329178568,115.3663775103095,230.35566418397983,678.1642085982381
2182,23.188640682158198,-227.7406184021779,8.276936168694386,344.80534801550186,-552.0905514727056,129.42667265785713,229.60063947828138,692.5943656460405
2183,24.62915346115262,-226.53024820224582,8.290098541023772,364.059683408008,-553.9481670052237,142.4463686776272,228.49484183214972,706.7996335343925
2184,25.952795601768422,-224.98328783924754,8.35353621361718,383.15991795717053,-555.5549518249642,154.2815227492649,227.04027399830218,720.551594894943
2185,27.138713446245347,-223.11443186126985,8.46770658631402,401.77583605477236,-556.9047292916567,164.81147366687364,225.25002928987936,733.6171338379351
2186,28.170230176796554,-220.94885820280388,8.631181286381672,419.5799503918813,-557.981866737129,173.94155871476733,223.14807290748362,745.7629461896948
2187,29.03503736609857,-218.52163234978255,8.840843533015956,436.25591503624804,-558.7610551291172,181.60502406381767,220.76868626957372,756.7601733012777
2188,29.725282297295195,-215.87679814921222,9.09214863156778,451.5067024666525,-559.2073196368854,187.7641020114186,218.1555912138054,766.3890758620978
2189,30.23755440152668,-213.06618413355838,9.379435514002513,465.06232523250696,-559.2762997980562,192.41025627874072,215.36078173317128,774.4436545976768
2190,30.57277604305153,-210.14796415527124,9.69627560055181,476.6868829062782,-558.9148279932023,195.56362348150043,212.44310086630085,780.7361156458909
2191,30.7360045324408,-207.1850196084525,10.03584437172391,486.18472289550937,-558.0618215189759,197.27170377624248,209.46660890886423,785.101071705985
2192,30.736153651726944,-204.2431571269127,10.391300903353612,493.4055205769489,-556.6494881007164,197.6073756386755,206.4987958391727,787.399367542429
2193,30.585644284062933,-201.38924018296535,10.75616116393732,498.24811038765074,-554.6048286172505,196.66632806218095,203.6086955788905,787.5214214034872
2194,30.29999504605187,-198.68929541384497,11.124651974373432,500.6629343242145,-551.8514053312188,194.56401771726598,200.86496239754013,785.3899828994519
2195,29.897364983688398,-196.20665478249666,11.492034016421707,500.65301635734954,-548.3113298836494,191.43226850319232,198.3339703993207,780.9622225599913
2196,29.39806119623093,-194.0001929313549,11.854883989984593,498.2734186533764,-543.9074131919178,187.41563628428653,196.07799565406634,774.2310876472859
2197,28.82402464298796,-192.12271548043037,12.211327803816317,493.6291860239696,-538.5654093457283,182.66766240581353,194.15353729667257,765.2258813883359
2198,28.19830746151123,-190.61954865945117,12.561218347857238,486.87183641925105,-532.216277653993,177.34713600751186,192.60982892078343,754.0120469928652
2199,27.544554922371894,-189.52737353838094,12.906252790811743,478.1945053140649,-524.7983812524363,171.614477587424,191.48758481273595,740.6901621440978
2200,26.88650455859292,-188.87333926497362,13.250025489688717,467.82589849641096,-516.259537410279,165.62834520497373,190.8180170223837,725.3941728916003
2201,26.247513921889503,-188.67447937449532,13.598013643651582,456.02324934756547,-506.558834303984,159.54255062852175,190.62214917620236,708.2889172169151
2202,25.65012688328566,-188.93744386364224,13.95749394520201,443.0645118356788,-495.6681320512602,153.50335606915664,190.91044177335476,689.5670075148713
2203,25.115686587806028,-189.65854787466816,14.337389797794547,429.2400480180774,-483.5731726803038,147.64720335984416,191.68273204853986,669.4451576280192
2204,24.66400120687859,-190.82412602077395,14.748050237627577,414.84408788291853,-470.27423477306917,142.0989071408762,192.92847985250333,648.1600538046172
2205,24.313066508305226,-192.41116999452035,15.200963517794651,400.16624890279786,-455.7862838249004,136.97032266194756,194.62729977774018,625.9638799031918
2206,24.07884699342427,-194.3882165574653,15.70841034347092,385.48340182766344,-440.1385885662979,132.35947831874023,196.74974934908911,603.1196150865954
2207,23.975115046668616,-196.71644391375534,16.28306390995316,371.05215741382136,-423.3737958300177,128.35014420583175,199.25833409985788,579.896226808847
2208,24.013345350232196,-199.35092749211222,16.93754606140504,357.10222591759936,-405.54648095760405,125.01179188529618,202.10868342104357,556.5638828661357
2209,24.202659812126438,-202.2420017164582,17.683950902512898,343.83086783916633,-386.72121607399146,122.39988810708,205.25084660169603,533.3893036276933
2210,24.549816461138807,-205.33667246479683,18.533348973950233,331.39861170328095,-366.9702236799628,120.55645691192183,208.63065648882434,510.6313693928099
2211,25.05923424653927,-208.5800254512061,19.49528665855076,319.92636423781653,-346.3707067498358,119.5108405469075,212.19110854260808,488.537088225179
2212,25.733044595797818,-211.91657869454525,20.57729681060013,309.4939822684136,-325.0019676342091,119.28058969631311,215.87370573641618,467.3380165620602
2213,26.57116008304133,-215.29153267772082,21.784437568696774,300.1403165386678,-302.9424453458566,119.8724171661077,219.61972486998562,447.24720831419927
2214,27.571350705115723,-218.65187967711432,23.118876714228634,291.86467838240264,-280.2668132540444,121.28315570953733,223.3713673405059,428.45674817109233
2215,28.729319015670978,-221.94734350858752,24.579538564691966,284.6296236919015,-257.0432861261314,123.50066948091028,227.07276669321584,411.13590182854995
2216,30.038766654824858,-225.1311317214876,26.161829093547503,278.3648975621832,-233.3312863321052,126.50467904280346,230.67083547217854,395.4298905343484
2217,31.491446527426167,-228.16049323590644,27.857452667617906,272.97233925531845,-209.1796133875583,130.2674713574446,234.1159441719226,381.4592704875762
2218,33.07719686340887,-230.99708494593798,29.65433045272622,268.3315119381068,-184.62524829765312,134.75447820765203,237.36243482933173,369.31987016652
2219,34.78395545245516,-233.60716045940515,31.53662621661393,264.3057958886062,-159.69290380845277,139.92471846824785,240.36898054372568,359.0832119704569
2220,36.59775435664922,-235.96160253211295,33.48488027573618,260.7486684747064,-134.39540329537638,145.7311110680423,243.09880960950073,350.79732073967415
2221,38.50269731281465,-238.03582752214407,35.47624727356799,257.50989026504305,-108.73493471642284,152.12067587507676,245.51981867718112,344.4878035723023
2222,40.48092378253286,-239.80959498112074,37.48482891664724,254.44132519539744,-82.70518264584291,159.03464866409433,247.60460312668965,340.15907593861715
2223,42.51256510046201,-241.26675796855042,39.48208908258332,251.40214449629642,-56.29429255966314,166.40854334312232,249.33043435088672,337.79561094386486
2224,44.57569932528281,-242.39498962407708,41.437336034146405,248.26319911193642,-29.488569817354808,174.1721992908958,250.67921277066455,337.36310299256206
2225,46.64631218173112,-243.18551912350767,43.31825494857271,244.91039262067386,-2.276764484283885,182.24985362241657,251.63742236724497,338.80946361065395
2226,48.698271940530454,-243.6329059046176,45.091473650333505,241.2469440521939,25.345253898537717,190.56027723870514,252.19610791746868,342.06560354718454
2227,50.703326331671015,-243.73487556534928,46.72314523410585,237.194494237033,53.36966629780753,199.0170096533628,252.3508905991074,347.04599781414555
2228,52.63112978358038,-243.49223445642744,48.17953300470036,232.6930762634807,81.77198059234719,207.52872114768502,252.10203159459223,353.6490743993228
2229,54.4493095582139,-242.90887286362607,49.42758566311321,227.70003543965106,110.50668841559973,215.9997223618012,251.45454695655567,361.75750792211534
2230,56.12357973838941,-241.99185906250057,50.435493692306615,222.18804181159996,139.503572560392,224.33063170396696,250.4183705517305,371.23853153299405
2231,57.617912419507135,-240.7516189317093,51.173220991223126,216.14238415296043,168.664914631037,232.41920077910294,249.00855575181524,381.94439977535984
2232,58.89477568251874,-239.20218876795195,51.61300840378696,209.557765019975,197.86381665744676,240.16128828412639,247.24550104784984,393.7131394280715
2233,59.915447780740884,-237.3615228187223,51.7298475056329,202.43483038751617,226.94380106283262,247.45196429131178,245.15518014645565,406.3697140519962
2234,60.64041628657994,-235.2518320659884,51.50192374792464,194.7766649038914,255.71979379293822,254.18672011673357,242.7693535162353,419.72770253365945
2235,61.02986958068096,-232.8999271530073,50.91102792171703,186.58546678572145,283.98052931247446,260.2627544101526,240.1257359651532,433.59155524807136
2236,61.044285901753305,-230.33753618632872,49.942934168077066,177.85958772072487,311.4923476774607,265.58030394968273,237.268093792271,447.7594473439269
2237,60.64512208197642,-227.60156748545856,48.58774177901191,168.59108663881094,338.00428718453975,270.04398798290094,234.24624541459792,462.02670137373434
2238,59.795600034784464,-224.7342880960551,46.840177099674825,158.76390630765903,363.2543150575423,273.56413763568605,231.1159410502941,476.1897054067545
2239,58.46158422267178,-221.7833908210085,44.69985110332472,148.35274289628705,386.9764865112547,276.0580863573452,227.9385998715667,490.0502118255796
2240,56.61253803589756,-218.80192540498638,42.171467708989084,137.32264458283413,408.9087817273025,277.4514028040185,224.78088680669865,503.4198693739144
2241,54.22254149618297,-215.84807315843724,39.26497756959317,125.62934814359025,428.80134212041173,277.67905318879065,221.7141156799841,516.1248187636678
2242,51.271347107826934,-212.9847486239536,35.99567173004918,113.22034277660305,446.42481191663234,276.68648524393444,218.8134704677135,528.0101710145148
2243,47.74544528456712,-210.2790167271342,32.38420919812999,100.03663727520699,461.57848759596754,274.4306298882908,216.15704194883872,538.9441870766686
2244,43.639106020633925,-207.8013190604085,28.456572206583935,86.01519812984468,474.097984549829,270.8808188164871,213.82468281659166,548.8219854844011
2245,38.955359727104664,-205.6245084771529,24.243942911877618,71.09201963041644,483.86214545382796,266.01961602127733,211.89669036552309,557.5686195745891
2246,33.70687762142898,-203.82269706278427,19.78249548865668,55.20577976336557,490.7989365019818,259.84355863367284,210.45233217521348,565.1413850388966
2247,27.916710896561177,-202.46992880791214,15.113097975076792,38.302024972339574,494.8901042705359,252.36379787287714,209.5682367239299,571.5312406922773
2248,21.618848314564627,-201.63869487575494,10.280918812317905,20.337810398104523,496.1743965676614,243.60662520463154,209.31667748113054,576.7632495433853
2249,14.858553975827583,-201.39831606653826,5.334933916203671,1.286698338450449,494.7491847361089,233.6138630120392,209.76378554013453,580.8959734968086
2250,7.6924506927701675,-201.8132236470518,0.3273314074887849,-18.856014562912804,490.77036264662195,222.44309413644737,210.96773189418056,584.0197838907739
2251,0.1883194457946723,-202.94117586084747,-4.687187149997408,-40.06801143311117,484.450439712957,210.16770140988174,212.97692566186316,586.2540826023595
2252,-7.575408332209257,-204.83145309204497,-9.652207800751327,-62.29482798398269,476.0547926162948,196.87668754913653,215.82827879007849,587.7434656199197
2253,-15.51048155028071,-207.52307992787559,-14.510502922950865,-85.44515177874477,465.8960937995443,182.67424817918572,219.54559106613755,588.6529029704423
2254,-23.519990891313462,-211.04312728131347,-19.205018203815232,-109.38686223657746,454.32699420909563,167.67907682930127,224.13811165730587,589.1620544264838
2255,-31.4998589651157,-215.40515204465078,-23.679932330979813,-133.9441588443168,441.731202177878,152.02339074760894,229.59933460546037,589.4588867749438
2256,-39.34064645915955,-220.60783495526624,-27.881766855818036,-158.89613449394807,428.51316762113436,135.85167989096834,235.90608525185766,589.7328021842027
2257,-46.929649405742936,-226.6338788698605,-31.76051620765426,-183.9771276818713,415.08664788672536,119.31919701227964,243.0179518780787,590.1675252754807
2258,-54.15324947999773,-233.44922881746592,-35.27076049680833,-208.8791260471463,401.8624952506235,102.59022198522445,250.8771113475886,590.934026727776
2259,-60.89946561199887,-241.00267139171945,-38.37271765157245,-233.25639378879706,389.2360626424782,85.8361456363572,259.4085887649687,592.1837819673672
2260,-67.06064197921656,-249.22586373825095,-41.03318806734555,-256.73236208431746,377.57467016375506,69.23342504043904,268.5209790060468,594.0426721278537
2261,-72.53619556362375,-258.0338313425939,-43.226345511508754,-278.90866595675783,367.2056065644817,52.96146196246978,278.1076427359271,596.6058258966639
2262,-77.23533685750753,-267.32595913269614,-44.934333015214186,-299.37604933408755,358.40515300895635,37.20044840373211,288.0483720244066,599.9336675558849
2263,-81.07967096826921,-276.98748262895435,-46.14763171181686,-317.7267110902305,351.3891071383772,22.12920870805184,298.21150210692986,604.0493723740028
2264,-84.00558418094825,-286.8914660321993,-46.86518333315083,-333.5675465137537,346.305250426559,7.923048450640887,308.4564276468734,608.9378377100106
2265,-85.96632345596308,-296.901233562765,-47.0942620975669,-346.5336643962244,343.2281398447711,-5.248400338945855,318.6364652689087,614.5461716077164
2266,-86.93368328709941,-306.87320025071705,-46.85010733832695,-356.30153648839234,342.15651744097823,-17.223366245311286,328.6019898066783,620.7856033518779
2267,-86.89922536344865,-316.6600295137589,-46.15534256197691,-362.60116258357584,343.0135231387182,-27.85019838676042,338.203759665243,627.5346520463638
2268,-85.87497105635211,-326.114027874344,-45.03921786532349,-365.2267031652067,345.6497737096604,-36.98974250588809,347.2963368413617,634.6433565768494
2269,-83.89352448276065,-335.09067296578945,-43.53671931066969,-364.0451296447247,349.8492424306362,-44.51786847165669,355.7414998326566,641.9383669673762
2270,-81.00760431950931,-343.45216063704817,-41.68759035159251,-359.0025550219162,355.3377474012956,-50.328165425132035,363.4115436473851,649.2287097350928
2271,-77.2889848865098,-351.0708512224105,-39.535307255472176,-350.12802196889777,361.7937390796986,-54.33479240791221,370.192360941591,656.3120547163494
2272,-72.8268702065631,-357.83249408916623,-37.12604413019574,-337.53463138519487,368.86097500295466,-56.475437401353936,375.98620200157495,662.9813182806223
2273,-67.72574761516732,-363.63911336384854,-34.50765539530177,-321.4179879461397,376.1625856524904,-56.71429985113476,380.7140186529236,669.0314337880484
2274,-62.10278880002125,-368.4114462909734,-31.72869593898086,-302.0520203666103,383.3159719002573,-55.04497449902976,384.317308064964,674.2661057963666
2275,-56.08488446293443,-372.0908391042764,-28.837492983033325,-279.7823065678862,389.947932339978,-51.493080708966254,386.7593867618564,678.5043448227739
2276,-49.805412567340845,-374.64052360888326,-25.881279574571863,-255.01710235381657,395.70939934355386,-46.118454102297704,388.02604287037985,681.5865612639916
2277,-43.40084814735124,-376.0462206874954,-22.905397783649594,-228.21634048457946,400.28916865922935,-39.016699134434674,388.12553562222746,683.3799878281296
2278,-37.007324600361336,-376.3160441107617,-19.952579601054882,-199.8789371083162,403.42604281884036,-30.319895858099986,387.08793514189074,683.7832065695146
2279,-30.75725314993815,-375.47970819059174,-17.062314224396033,-170.52881386579799,404.918876671859,-20.19626541660383,384.9638218578477,682.7295843506839
2280,-24.776100471392574,-373.5870740407883,-14.270310857272372,-140.70011366368772,404.63411319313,-8.848629822125806,381.82239197766324,680.1894700061407
2281,-19.17941597219293,-370.70609917821656,-11.608065554077543,-110.9221507767908,402.5105228309836,3.4884470225551114,377.7490413674821,676.1710724858366
2282,-14.070190714049643,-366.92028177160523,-9.102538636049955,-81.70468397939774,398.5609988044338,16.552881030764347,372.8425229358538,670.7200113935875
2283,-9.536619282411241,-362.3257122813961,-6.775945819289625,-53.52412545726392,392.8714007400131,30.060615495680256,367.21179062867236,663.9175971880647
2284,-5.650323355562015,-357.02786015488357,-4.645661918192876,-26.81128856626066,385.59656801448546,43.71237255545718,360.97265513979846,655.8779482084748
2285,-2.4650807074403067,-351.13823083973733,-2.7242316746528026,-1.9412262330801704,376.9537340542438,57.20140462437134,354.2443817492329,646.7440827305635
2286,-0.01608590299595021,-344.77102868301785,-1.0194788197654163,20.774384411091194,367.21366039016704,70.22196905005303,347.14635943385355,636.6831412303018
2287,1.680250265184453,-338.03995497736463,0.46529758796674586,41.09199367771336,356.6898756998285,82.47819036878087,339.7949632417339,625.8809060999655
2288,2.625975331148248,-331.05525833938907,1.7310512550496526,58.837920018838744,345.7264545468412,93.6929334434837,332.3007196148797,614.5358011762952
2289,2.8407755140200273,-323.9211374901269,2.7826527704595554,73.90711985618235,334.6848080728746,103.61629074033485,324.7658674338585,602.8525740766894
2290,2.3607107942784014,-316.7335751961538,3.628500869948228,86.25921311209846,323.92998833114183,112.03329035138108,317.28238665058024,591.0358868738367
2291,1.2365674797830923,-309.57865787521285,4.280091506196756,95.9121590525856,313.8170302451774,118.7704589443112,309.93054249710536,579.284057806144
2292,-0.4680993031771923,-302.53140978282835,4.751555116434571,102.93411194985165,304.67786769170846,123.70092457962352,302.77796787744614,567.7832010988385
2293,-2.6791555580334903,-295.65514539149575,5.059172439424522,107.43407781557751,296.80935712755854,126.74781525649594,295.8792812752632,556.7019989275693
2294,-5.314231988578267,-289.00131987657943,5.220879377342746,109.5520372015836,290.4629161838456,127.88579534230298,289.27621376365124,546.1873090282011
2295,-8.28514440800811,-282.6098365256956,5.2557716353537876,109.44919459024062,285.8362293563558,127.14067765497468,282.99819759041094,536.3607681600821
2296,-11.500318652248335,-276.5097521747197,5.183620038574697,107.298965610266,283.0673853079021,124.58714723152082,277.0633511938473,527.3165032906791
2297,-14.867153897077417,-270.7203081210213,5.024407308508749,103.2792253135369,282.2316921905969,120.34472713923624,271.4797820906289,519.1200163097135
2298,-18.29426580269971,-265.2522048896925,4.79789647439922,97.56622203975354,283.3412756255681,114.57220121580642,266.24712038998405,511.8082678011151
2299,-21.69355933825811,-260.10903493538325,4.523239840769525,90.33042116905145,286.3474094201015,107.46077866062737,261.3581919247101,505.3909490680157
2300,-24.98209018935442,-255.28878769764427,4.218635532659011,81.73439108221115,291.14537498265355,99.22633748560689,256.8007409868537,499.8528932736824
2301,-28.083683088276015,-250.78534596846774,3.9010363881388934,71.93268982682545,297.5815052663159,90.10111571227704,252.5591179774044,495.15752961072707
2302,-30.930284956642446,-246.5899006699169,3.5859138278029183,61.073565120687896,305.4619548700764,80.3252298303882,248.61585629100028,491.2512258748762
2303,-33.463040114536696,-242.69222215503353,3.28707759680788,49.302151839152465,314.56265849710803,70.13838965633082,244.9530747007537,488.0682986495396
2304,-35.63308374402199,-239.08173927621542,3.016550883370055,36.764748644886986,324.63990023915784,59.77214890399698,241.5536555926735,485.5364074301997
2305,-37.402058097800854,-235.74839196660278,2.7844990412942057,23.613685931173002,335.44091695575213,49.44298424817369,238.40216484767464,483.5820034458225
2306,-38.74236336241094,-232.68323822979815,2.599208920988181,10.012265182867464,346.7139973392273,39.346436068024836,235.4854952151144,482.1354870572349
2307,-39.6371613118746,-229.8788114644396,2.4671147778560263,-3.8607436746387473,358.21760789260725,29.65247564206133,232.7932308420747,481.135744229599
2308,-40.080154697207,-227.32923810371977,2.3928659558328538,-17.807517684598476,369.7281696211374,20.502190906256423,230.31774531665005,480.5337804380348
2309,-40.07516866098561,-225.03013783371284,2.3794309467914516,-31.608906141837227,381.0462155204681,12.005810675630787,228.05405834685922,480.29524221561167
2310,-39.63556239876016,-222.97833864285352,2.4282319057324298,-45.02376563751169,392.00077016362013,4.242019964593135,225.99948650663103,480.4017028140857
2311,-38.78349986396957,-221.17144634618117,2.5393032759586665,-57.790092308982466,402.4519015290428,-2.7415393354200157,224.15313103530045,480.8506794414906
2312,-37.54910760689686,-219.6073128238855,2.7114679120329424,-69.62801950171495,412.29149623204364,-8.926734603234106,222.5152502825444,481.6544368702373
2313,-35.96954601184574,-218.28344897980722,2.942524003045896,-80.24463075938813,421.4423987465052,-14.322560219662977,221.08656602842197,482.8377093076089
2314,-34.08801748127825,-217.19642756129602,3.2294362216936356,-89.34042732663195,429.85613035614904,-18.962109588192465,219.8675518045271,484.43453452938
2315,-31.9527318151417,-216.34131779519637,3.5685249359036315,-96.61719151958776,437.50946233940283,-22.899107761072983,218.8577478422522,486.48443822590434
2316,-29.615845527901143,-215.7111885755958,3.9556480496071487,-101.7869065786144,444.4001584613543,-26.204201570944594,218.0551417123597,489.028230577886
2317,-27.132388484925073,-215.29671006667397,4.386370959884744,-104.5813332136958,450.5422227868254,-28.961183991629905,217.45564651036216,492.10368108582674
2318,-24.559188296181503,-215.08587568076882,4.856121009601265,-104.7618053766369,455.9609893739122,-31.26330154178632,217.05270022591907,495.7413232467715
2319,-21.953800665635484,-215.0638581967103,5.3603235361476935,-102.12879417554198,460.6883708463886,-33.20976128045741,216.83700147395464,499.96061136748557
2320,-19.37345262110878,-215.21300586324682,5.894517197132329,-96.53079920734284,464.7585448454265,-34.90252062474561,216.79638865558348,504.76661270148975
2321,-16.874005300632934,-215.5129769909013,6.454446813324378,-87.87215924169709,468.20430405790444,-36.44341176540835,216.91586216953033,510.14737467278457
2322,-14.50894361324295,-215.94100491351563,7.03613257410078,-76.11942603169426,471.0542312749485,-37.931625207764924,217.17774263193388,516.0720637477325
2323,-12.328401466231426,-216.47227936485987,7.635915111610735,-61.30601195732852,473.33079088177175,-39.461555521817196,217.5619522299409,522.4899323334994
2324,-10.378233209830963,-217.08042537029087,8.250476704049204,-43.534899632696245,475.04935762525724,-41.120997462186814,218.04640142148406,529.3301339343577
2325,-8.699144274649964,-217.73805695464722,8.876839723685213,-22.97928482875497,476.2181373737507,-42.98967201152993,218.60745943508712,536.5023744985119
2326,-7.325896355577642,-218.41738064908844,9.51234429469206,0.11889145440222675,476.8388770514057,-45.13805864006475,219.22048472395915,543.8983588224464
2327,-6.286604549807865,-219.09082310622,10.154607860869978,25.452484393731893,476.90821522428894,-47.62651073392313,219.86039082965556,551.3939646185374
2328,-5.6021451582837525,-219.73165794205997,10.801470013668755,52.65464794537156,476.41949306799995,-50.504634176150155,220.50222384293505,558.8520534648619
2329,-5.285693035548968,-220.3146088434493,11.450926559650714,81.30612093211637,475.3648286508139,-53.810913032379375,221.1217294475629,566.1258079941044
2330,-5.342406274629498,-220.81640868714587,12.101057342429982,110.94406471091791,473.7372555863507,-57.57257003124631,221.69589008480955,573.0624694324066
2331,-5.769273728514652,-221.2162977108555,12.749952645027115,141.07217817904987,471.53273920493393,-61.80565220684161,222.20341589572965,579.5073400870817
2332,-6.555137532176507,-221.49644743897133,13.395643062092066,171.17178514842706,468.75190768240736,-66.51533319838425,222.62517658347858,585.3079122171587
2333,-7.6808985001680865,-221.64230079847934,14.03603761868632,200.71356920931058,465.4013695111974,-71.69642312664065,222.94456489836838,590.3179876702894
2334,-9.119907231233762,-221.64282240302978,14.668874643624518,229.16962110011787,461.49452918036286,-77.33407484824859,223.1477858128116,594.4016606644116
2335,-10.838538271431531,-221.4906562094928,15.291689323752754,256.0254623089744,457.0518565161612,-83.4046721093614,223.22406846902987,597.4370475282606
2336,-12.796939044941332,-221.18219060375648,15.90180062192814,280.79171540137816,452.10060840611806,-89.87688112286224,223.16580056192336,599.3196604056144
2337,-14.949939614363048,-220.7175333943968,16.49631812596889,303.01510597364955,446.6740414881606,-96.71284276558512,222.96858688559038,599.9653355279103
2338,-17.248103826459197,-220.1004012066316,17.07216682793021,322.2885030081844,440.8101882336874,-103.86947823429595,222.63123534570215,599.3126398873412
2339,-19.638897252802483,-219.3379295308855,17.626125737982548,338.2597336439564,434.5502946781487,-111.2998768561548,222.15567499931487,597.3246927810192
2340,-22.067942822840447,-218.4404113567664,18.15487532040449,350.63894470455176,427.93703450463624,-118.95473105038833,221.54681183639815,593.9903509721253
2341,-24.480331455421386,-217.4209739482393,18.655049093537144,359.2043262153281,421.0126206991939,-126.78378043200364,220.81232914565734,589.3247186824574
2342,-26.821952561727606,-216.29520478207476,19.12328599568243,363.80606084373875,413.81693293480816,-134.73722501064069,219.96244034034356,583.3689571187487
2343,-29.04080817790597,-215.08073880616456,19.55628170733907,364.36841684192933,406.38576755262875,-142.7670666087899,219.00960290418917,576.1893837425102
2344,-31.088274791534754,-213.7968198384537,19.950838529743418,360.88995967120934,398.7492996672391,-150.82833812985734,217.9682025412315,567.8758699566245
2345,-32.920278683419724,-212.46384907333152,20.303914475725453,353.4419178165048,390.93082612156894,-158.88018216751425,216.85421668036994,558.5395678108341
2346,-34.498353705534456,-211.10293328549227,20.612673021426083,342.1647996758578,382.9458362474277,-166.88674366004034,215.68486624470154,548.3100214287008
2347,-35.79055456662016,-209.73544442784166,20.87453553912641,327.26341846165656,374.80143662593014,-174.81784588445666,214.47826405934686,537.3317457767921
2348,-36.77220349974896,-208.38260096663637,21.08723862011254,309.00053759583403,366.4961375780792,-182.64942509918365,213.2530674409158,525.7603817319477
2349,-37.42645332124615,-207.06507955048073,21.248898083663416,287.68939638605514,358.01999355816713,-190.36370659716826,212.0281413890515,513.7585591118536
2350,-37.74465522433783,-205.80266349374725,21.35808042634838,263.68541113936783,349.3550770005216,-197.94911375937704,210.8222373858954,501.4916154380982
2351,-37.72652508415564,-204.61393216174847,21.41388101111144,237.37736726755236,340.4762551330986,-205.39991167277975,209.65369118384194,489.12332549093173
2352,-37.380107338242134,-203.51599292093888,21.416006721721143,209.17842142113477,331.3522313431127,-212.71559752481957,208.54014131951627,476.81179424278014
2353,-36.72154037577192,-202.52425512777583,21.36485933284607,179.51721867035403,321.94680644189697,-219.90006061089557,207.49826862806847,464.7056540276643
2354,-35.774631773567066,-201.65224383092652,21.261614612487573,148.82939912153824,312.22031032846684,-226.96054460735175,206.54355588393875,452.9406876240046
2355,-34.570255803339634,-200.9114495673603,21.10829132087002,117.54972345899445,302.13115089851425,-233.906453067996,205.69006600578976,441.63697493441674
2356,-33.14558942597213,-200.31120998361493,20.90780393145298,86.10499137865494,291.63742447447504,-240.74804542108402,204.95023717729262,430.89663494736453
2357,-31.543206283345754,-199.85861907436686,20.663993114407276,54.907865389581985,280.6985305118492,-247.49507487839378,204.33469376385386,420.8022090265909
2358,-29.810050825541843,-199.55846049372576,20.381628705498716,24.351650242859694,269.27673296820507,-254.15542160994707,203.85207289105213,411.41570783746755
2359,-27.996316708428925,-199.41316247047448,20.066380949353615,-5.193979440293644,257.33861181766315,-260.7337743270147,203.50886780957376,402.7783231019018
2360,-26.154255072661105,-199.42277319016736,19.724757256774,-33.38635930972847,244.85635124267017,-267.2304111197401,203.30929058329554,394.91078704419647
2361,-24.336939274937507,-199.5849569338384,19.364003500872254,-59.912415247493236,231.8088164563914,-273.64012618724524,203.2551580531314,387.8143467442447
2362,-22.597013010428824,-199.89501259161776,18.991970782355086,-84.49055728974132,218.18237901865254,-279.95134326151276,203.34580623439845,381.47230739751836
2363,-20.985448519643544,-200.3459172643449,18.616950376278208,-106.87201000017404,203.97146068492629,-286.1454493650356,203.5780391467814,375.85208732160476
2364,-19.550340788812093,-200.92839846099326,18.247481066998198,-126.8416980393331,189.17877776301586,-292.1963743245192,203.94611849511858,370.9077179537508
2365,-18.335762428395743,-201.63103878331896,17.89213411669789,-144.21879241378207,173.8152808551611,-298.07043245355015,204.44180052044302,366.58271346393826
2366,-17.380702307883823,-202.44041680815758,17.559281530577408,-158.8570032933653,157.8997977483706,-303.72643330016757,205.05442558260145,362.8132264299328
2367,-16.718109051155377,-203.3412870858702,17.256853114945617,-170.64468282806098,141.45839916372023,-309.1160585983802,205.77106459652637,359.53139809067284
2368,-16.37405814040855,-204.31680091757295,16.99208736823493,-179.5047795045109,124.52351750307345,-314.1844928110395,206.57672451329495,356.66880441944664
2369,-16.367058609795322,-205.3487681597518,16.771280815022084,-185.3946672011722,107.13285745244417,-318.8712851909101,207.45461296028193,354.15989365749624
2370,-16.707512131112676,-206.41795907581903,16.59954008419182,-188.3058592559524,89.32814439375268,-323.11141247144934,208.3864602936083,351.94530832423413
2371,-17.39733378396321,-207.50444441320818,16.480540771407288,-188.26361139291083,71.153762247121,-326.83650351114863,209.35289587735122,349.97498617549
2372,-18.429740122696533,-208.5879714173489,16.41629693601065,-185.3264168819511,52.65533687316331,-329.9761808477893,210.3338743850411,348.2109406400804
2373,-19.789206506437615,-209.6483732366555,16.4069451901138,-179.58540133143129,33.87832473511949,-332.4594695540911,211.30914718620514,346.62963166848294
2374,-21.451592305958375,-210.6660088968405,16.45054795020035,-171.16363067578973,14.866669213505427,-334.2162212818544,212.2587732377929,345.22385160044513
2375,-23.384429818432817,-211.6222305498178,16.542921475640036,-160.21535134783826,-4.338411464125577,-335.1785009795443,213.1636631815373,344.00406594318497
2376,-25.547370647356466,-212.4998740273779,16.67749553660912,-146.92518334622665,-23.69944090603757,-335.28188540802216,214.00614954035382,342.9991641673141
2377,-27.892781867194312,-213.283767958359,16.845212686495838,-131.50728230073244,-43.18344503435002,-334.46662629439595,214.77057510219453,342.2565897348826
2378,-30.366483314860233,-213.961255870655,17.03447604322099,-114.20447392829595,-62.762402417455625,-332.6786369010904,215.44389080429005,341.84183156924763
2379,-32.9086166839223,-214.52272470239802,17.231155104223873,-95.28734297981453,-82.41334222044985,-329.8702690632432,216.01625359069155,341.83727201134496
2380,-35.45463662464058,-214.96213184814283,17.41865919098431,-75.05322996722687,-102.11806430635235,-326.00085832517505,216.48161365943915,342.3404003937518
2381,-37.93641360571072,-215.27752112803574,17.57808732759649,-53.825055266091574,-121.86247723257173,-321.0370274132803,216.838279079404,343.46141786646757
2382,-40.28343763876029,-215.4715157972408,17.68846155560558,-31.949855600142573,-141.6355741465566,-314.9527523359564,217.08944382113984,345.32027832738237
2383,-42.42411091534052,-215.55177391931954,17.727048014958413,-9.796887308176688,-161.42809193926755,-307.72921003044047,217.24366281295625,348.04323149891434
2384,-44.28711590084129,-215.53138824064067,17.669766868365713,12.24487076865244,-181.23092318684002,-299.3544407172555,217.315254842936,351.75895589349415
2385,-45.80284347933336,-215.42920936694642,17.49168856636406,33.769990012421594,-201.03337106382298,-289.8228711501103,217.3246112303434,356.5943900281416
2386,-46.904863315085265,-215.27006795208285,17.167610254849848,54.3608070337413,-220.82135248244023,-279.1347561164065,217.29838556638435,362.67038841912574
2387,-47.53141565766201,-215.0848692979861,16.672702530309277,73.59272096639656,-240.57566271777668,-267.29560422529505,217.26953798699722,370.0973434874194
2388,-47.62690049708618,-214.9105327837595,15.983213383964225,91.04066858908398,-260.27041494997957,-254.31565950570234,217.27720693344125,378.9709244655659
2389,-47.143336593056965,-214.78974932048462,15.07721304163071,106.28681230689608,-279.87176037514905,-240.20951191595304,217.3663826275817,389.3680885525506
2390,-46.04175978990254,-214.77053282934182,13.935360486931307,118.92940245393652,-299.33697922752606,-224.9959069680534,217.58735981594776,401.3435166137181
2391,-44.29352741808718,-214.90554665220324,12.54166986267202,128.59269257657783,-318.61401114901844,-208.69781692604755,217.99495281071322,414.9266143448208
2392,-41.88149370480369,-215.25119275362954,10.884252872011588,134.93769878528195,-337.6414663132331,-191.34282332093392,218.64746340922713,430.11919898162836
2393,-38.80102027798661,-215.86646038298016,8.956011885526753,137.67350685893896,-356.34912852075735,-172.96384298782758,219.60540174251793,446.8939610480309
2394,-35.06078628192211,-216.81154131557554,6.755257701706425,136.56874878449673,-374.6589303783078,-153.60020793713542,220.92997125850113,465.19375123628447
2395,-30.683364280842937,-218.14623059931245,4.286225669061594,131.46279905208903,-392.48635094755093,-133.29908390853998,222.6813415342014,484.93169685332134
2396,-25.705530751533455,-219.9281444215872,1.5594640405993379,122.27618524179661,-409.7421600210382,-112.11718458760195,224.9167458480067,505.9921044855671
2397,-20.178283418282717,-222.21079951645757,-1.4079307995943562,109.01967171998113,-426.3344122129142,-90.12270980218868,227.68845359512898,528.2320607589784
2398,-14.16654210093776,-225.0416105215159,-4.5922555994995475,91.80146366460112,-442.17057959559503,-67.39740861010195,231.04167977444845,551.4836064960621
2399,-7.748515314064351,-228.45987202136766,-7.963337456209619,70.831994939345,-457.15970442800904,-44.03864437982213,235.01250409165783,575.5563357551591
2400,-1.014721578345361,-232.49480000368078,-11.484880428481961,46.42581103700755,-471.21445403752364,-20.161321151675928,239.62588000622736,600.2402637800125
2401,5.933337769948275,-237.16371250010144,-15.115027139276156,19.000139951085984,-484.25296834685935,4.100479157727831,244.89381862379028,625.3088189945508
2402,12.984848480308871,-242.47043077091132,-18.80713183585021,-10.93014037505391,-496.20040670714394,28.592299533893996,250.813833124987,650.5218437106622
2403,20.021679948319434,-248.40398025887362,-22.510731519844672,-42.76128272104327,-506.9901238388987,53.138692510044955,257.36772611551874,675.6285328104096
2404,26.920681122921962,-254.9376646948154,-26.1726916722723,-75.81317352861709,-516.5644335590108,77.54331134448633,264.5207948178686,700.370292857122
2405,33.55623681229802,-262.0285772206314,-29.73849328684234,-109.34534755833836,-524.8749522654024,101.58980833694795,272.22151737249914,724.4835575350589
2406,39.80303412878272,-269.6175991287321,-33.15361909770523,-142.57611624387698,-531.8825504657178,125.04361135100748,280.4017676293391,747.7026401892405
2407,45.538978395199784,-277.62991988073225,-36.36499003026644,-174.7042334542668,-537.5569778378742,147.65461584279333,288.9775859598032,769.7627321709732
2408,50.648188716274106,-285.9760920385839,-39.32239897291757,-204.93236527579927,-541.8762617746754,169.16079299966364,297.8505107068146,790.4031596449544
2409,55.02399581476046,-294.55361267734355,-41.97988841024989,-232.4915057252461,-544.8260059920993,189.29267631656515,306.90945032774255,809.3709874005024
2410,58.57185872459214,-303.2490000874617,-44.297021067315704,-256.66539731605997,-546.3987290919318,207.77865040642072,316.03305168672154,826.4250072808641
2411,61.21211271579468,-311.9403125809041,-46.239997897253026,-276.81398016143584,-546.5933788637567,224.35092825924718,325.0924969465321,841.3400790899789
2412,62.88245885602048,-320.5000363434412,-47.78258480921096,-292.39490771598486,-545.4151354452193,238.752067518431,333.9546415156917,853.9117165168951
2413,63.54010648842772,-328.79825248406615,-48.90681779908473,-302.9822291585567,-542.8755775965336,250.74184340634514,342.48538948347334,863.9607439953403
2414,63.16348420689599,-336.7059802839249,-49.60346501958547,-308.28144252913677,-538.9932364087961,260.1042665152851,350.55319147135407,871.3378032491213
2415,61.75344319351768,-344.0985844996752,-49.872233375702926,-308.1402621094765,-533.7945062485104,266.6545089584301,358.03254321591214,875.9274658235813
2416,59.333889475809066,-350.8591296539904,-49.72171614081117,-302.55461080733977,-527.314830439655,270.24548398061245,364.8073617043072,877.6517108153243
2417,55.951798692773075,-356.88156363685033,-49.169086558561844,-291.66953631331535,-519.6000357358903,270.77381393545676,370.77411925598636,876.472553371396
2418,51.676587482142594,-362.0736166348137,-48.23955012633337,-275.77495168043936,-510.7076611146194,268.18492136414164,375.8446241918137,872.3936563465351
2419,46.598838206822315,-366.35930932497104,-46.96557502258092,-255.29630982767387,-500.7081174115883,262.47698929580815,379.94834904741236,865.4608209860653
2420,40.82839698662513,-369.6809763569429,-45.38592590640642,-230.78052984838834,-489.6855264657995,253.70356088798994,383.03422313268436,855.7613273375505
2421,34.49188770659841,-372.0007274007891,-43.544531302209855,-202.8776926174515,-477.7381193579068,241.9745855504584,385.071825303419,843.4221736923085
2422,27.729705870411852,-373.3012882512276,-41.489219341071674,-172.31920506452263,-464.9781166368295,227.45576844528227,386.0519347286438,828.6073369758109
2423,20.692575133112232,-373.5861878651851,-39.270360952805355,-139.8932875113087,-451.53106040486693,210.36614173536955,385.9864213855488,811.5142321658888
2424,13.537765690642345,-372.87928248515607,-36.93946349256486,-106.41875786453794,-437.5346101036876,190.97384742276674,384.9074827586898,792.3695795189884
2425,6.425087146318909,-371.2236338128703,-34.5477607298335,-72.71816212107882,-423.1368443951412,169.59020036756706,382.8662575112823,771.424888472569
2426,-0.48722161982785556,-368.6797833771754,-32.14484651195361,-39.59132611759598,-408.4941276293085,146.56218229729842,379.93086967994947,748.9517372890301
2427,-7.046577753312299,-365.32348877103846,-29.777398682087842,-7.79037545368015,-393.7686014980275,122.2635986182414,376.18397735596716,725.2369753354048
2428,-13.10998724763673,-361.24300844974664,-27.488036621649687,22.002810056667002,-379.125354203227,97.0852043940482,371.71991723896144,700.577913478369
2429,-18.54770328985779,-356.5360395769734,-25.314350108601285,49.19586941937463,-364.72930699979133,71.42416829769635,366.6415505301238,675.277512682874
2430,-23.2464984585173,-351.3064272834157,-23.288129391203174,73.30129145032785,-350.7418486400983,45.673287916909985,361.05692605958967,649.6395445042969
2431,-27.112453004777137,-345.66077290296937,-21.434816917710446,93.94733246647868,-337.3172482461848,20.210391843660176,355.0758828618769,623.9636868711685
2432,-30.073177971604682,-339.7050725835785,-19.7731904737016,110.8842648495521,-324.598889372684,-4.611638669324589,348.80671613520434,598.540534265774
2433,-32.079410431129254,-333.5415156818283,-18.315276167868202,123.98591923028633,-312.71539140804254,-28.473822391991504,342.3530273275877,573.6465369375032
2434,-33.1059383013426,-327.26556441119027,-17.066478670343464,133.24669142858477,-301.7767148000372,-51.098647108249395,335.810870941409,549.5389296943302
2435,-33.15183370714259,-320.96342255707367,-16.025906425985895,138.7743725617594,-291.8703783333557,-72.25596266688652,329.26629778043167,526.4507575081371
2436,-32.23999612371788,-314.709982302907,-15.186862280017527,140.7793190207155,-283.0579446170834,-91.76698530817927,322.7933772717401,504.5861449254112
2437,-30.41602876004088,-308.5673153193199,-14.537465757604352,139.56060313491645,-275.37195015644767,-109.50628934856671,316.45276090956673,484.1159839513872
2438,-27.746492831881664,-302.5837486132828,-14.061372186910395,135.48987230833214,-268.81346634688356,-125.40175605664405,310.2908257571714,465.1742278951122
2439,-24.31660367770391,-296.7935387782608,-13.73855537601342,128.99369317661203,-263.3504757678228,-139.43254340661534,304.3394124438757,447.85497574997856
2440,-20.227449568111034,-291.2171317575148,-13.54612379521623,120.53516872339988,-258.9172330753509,-151.62522933698813,298.61614740223143,432.2105136600162
2441,-15.592828239892105,-285.86197042318395,-13.459144377883066,110.59559270728775,-255.41475097827262,-162.04836018021538,293.12531538934905,418.25044880757235
2442,-10.535807193973156,-280.7237904095247,-13.451452501438336,99.65685087323091,-252.71250963847925,-170.80570064175882,287.859226724663,405.9420298507982
2443,-5.185120953617486,-275.7883266704657,-13.496430960590391,88.18519700389864,-250.65143413315712,-178.028528885032,282.800005068999,395.2117010358827
2444,0.3284787926096753,-271.03333973578856,-13.567744425013936,76.61692961189875,-249.04812234531545,-183.86734829976908,277.92170665965443,385.94788856399924
2445,5.875806052210933,-266.43086181593054,-13.640018714760942,65.34637844886913,-247.70023854404113,-188.4833963132509,273.19267117163514,378.0049707536132
2446,11.33264825231361,-261.9495586304332,-13.689456106144045,54.71648580865583,-246.39292006617953,-192.0403212496124,268.5779980165167,371.2083391701701
2447,16.582900188004476,-257.5571027961067,-13.694378884779121,45.01214232442748,-244.90598027059272,-194.696372578664,264.0420399275495,365.3604159468943
2448,21.52133798190387,-253.22245848460008,-13.63569376762608,36.456316188271224,-243.0216349361348,-196.59741005878388,259.5508080355177,360.24745262628727
2449,26.05596160322535,-248.91798457711627,-13.497270001028525,29.208902740752333,-240.53243624377905,-197.87098549597079,255.07418920131497,355.64689885146754
2450,30.109851032187127,-244.62127441687494,-13.266224356306171,23.368121075794296,-237.24907275506146,-198.6216895202679,250.5878869303932,351.33509774132176
2451,33.62249897181095,-240.3166640960087,-12.933107353134417,18.97419741641436,-233.007688636839,-198.9278878309313,246.0750113940667,347.0950426095828
2452,36.550601665956094,-235.99635744377724,-12.491987090343958,16.01500266073429,-227.67639232162617,-198.83990044328152,241.52726134120692,342.723920412313
2453,38.868308343486795,-231.66113369919418,-11.940429931121624,14.433254824253403,-221.16066311113985,-198.3796078550938,236.9456600997489,338.04017276126984
2454,40.5669482802951,-227.32062231626418,-11.279380678810863,14.134857711441054,-213.40742074426566,-197.5414040474909,232.34082830760923,332.889824908744
2455,41.65427147941372,-222.9931476221811,-10.512948546616485,14.997927029998204,-204.4075923977408,-196.29436144311603,227.73279637016583,327.15186419105504
2456,42.15325362891367,-218.7051634404687,-9.648108911585032,16.882056116472054,-194.19708754892602,-194.5854297385927,223.15037896715313,320.74248860090273
2457,42.100527723218555,-214.49031367306551,-8.694334162294501,19.637396175449776,-182.85616709018825,-192.34346002347783,218.63015140170756,313.6180902994075
2458,41.544513259941034,-210.38816863397474,-7.663169490425411,23.1131692313449,-170.50726335435573,-189.48382793410795,214.21508252060218,305.7768855821832
2459,40.543319171337025,-206.4426982119658,-6.567771008083322,27.165292422959844,-157.3113681879478,-185.91342424281987,209.95289087622933,297.25915042303643
2460,39.16249863486163,-202.70055142108268,-5.422424105053824,31.662864612965173,-143.46315487949215,-181.53578725280119,205.89419947407612,288.14606809586195
2461,37.4727328316274,-199.2092173439873,-4.242059603839965,36.49334443665653,-129.1850366049817,-176.25616720040827,202.09056968478754,278.55724151916553
2462,35.54751704606442,-196.0151447019858,-3.0417840701060217,41.56632690240746,-114.72039029730375,-169.98633653675455,198.5924966205294,268.64696653968576
2463,33.46091681655694,-193.16189626342018,-1.8364386128650663,46.81589841715469,-100.32619187267319,-162.64898896772814,195.44744656511972,258.5994015348422
2464,31.28545465847851,-190.68841025523935,-0.6401978414116314,52.201613931057864,-86.26531754084252,-154.18160197891132,192.6980122252929,248.62280156417256
2465,29.09017952104644,-188.62743432294357,0.5337822945930333,57.70819250099712,-72.79876710054508,-144.5396702798682,190.38025414643147,238.94301052428963
2466,26.938961869933312,-187.00418885187668,1.673661862849998,63.344067921865644,-60.17805917077577,-133.69924977817274,188.52228710579834,229.7964218785494
2467,24.889047439329488,-185.83530595054452,2.769155980219114,69.13895897544631,-48.63803566554367,-121.65878216215461,187.1431590201661,221.4226275502302
2468,22.98989268023605,-185.12807846832888,3.811713900135189,75.14063963287595,-38.390293739473336,-108.44019765025924,186.25205727207856,214.05697558777243
2469,21.28229511470238,-184.88004064569745,4.794638039890035,81.41109406180708,-29.617437980675316,-94.08931668904954,185.84786395821587,207.9232505270316
2470,19.7978224525486,-185.07888903729366,5.713144060665526,88.02223607227027,-22.468313928810723,-78.67558953013221,185.91906806498716,203.22667688984833
2471,18.55853569104105,-185.7027397768066,6.564364164819985,95.05135995957865,-17.054346564245733,-62.291225586032155,186.4440295522601,200.14742757466246
2472,17.576993801629104,-186.72070654015954,7.34729676887017,102.57647236566469,-13.447065317959149,-45.04977282226848,187.39157825264473,198.8347969284555
2473,16.85652123242193,-188.09377311351366,8.062706789325338,110.6716357915238,-11.67685197659692,-27.08421216769938,188.7219197780325,199.40217472921995
2474,16.391714323950307,-189.77592555277258,8.71298195674545,119.4024366119705,-11.732901627765756,-8.54463407781835,190.38781152852064,201.92293324913163
2475,16.16915869973082,-191.71550165161807,9.301951702087512,128.82167617291407,-13.564341907811436,10.404435153612882,192.33596452382207,206.4273154856347
2476,16.168326620285995,-193.85670987913483,9.83467614294932,138.9653742450881,-17.082414874199763,29.586990333860538,194.50862117497886,212.90038875425978
2477,16.36262114775282,-196.14126614239294,10.31721359882404,149.8491702879854,-22.163591281049627,48.81872177647226,196.84525532282774,221.28110454726422
2478,16.720532766250958,-198.51009458608624,10.756375890283266,161.4652092690921,-28.653460819927393,67.91034296345342,199.2843388016361,231.46248364882965
2479,17.206873768350793,-200.9050379119354,11.15948123191117,173.77960397210572,-36.37122512190776,86.67100904144247,201.7651181766537,243.29292581338245
2480,17.784056085107714,-203.2705231407476,11.534114595192063,186.7305728114704,-45.11461320727448,104.91176558738667,204.22934588516554,256.5786262655137
2481,18.41337919331625,-205.55513030489325,11.887904930137642,200.2273584461509,-54.665040960635366,122.44896886376604,206.62291172796665,271.0870664059898
2482,19.05629630251145,-207.7130143856872,12.228327594661808,214.15003475048908,-64.79284575943498,139.10762040321458,208.89732365699405,286.5515320605051
2483,19.67562921719142,-209.70513501747237,12.562538685515433,228.3503046017175,-75.26244281796845,154.7245602074963,211.01099120735702,302.6765975486174
2484,20.23670490575854,-211.50025405116094,12.897245656117288,242.6533754477653,-85.8372691776839,169.1514641408598,212.93027069360795,319.1444960152565
2485,20.708389594782144,-213.0756679608686,13.238615851471433,256.86097155383015,-96.28440267649079,182.25759227948038,214.63023836103332,335.6222746770381
2486,21.063998989613243,-214.41765031122455,13.592221839678626,270.75550042515044,-106.37876504696712,193.9322361557749,216.0951660680075,351.7696076339006
2487,21.282066064020572,-215.52158902322782,13.963020058523455,284.1053372183162,-115.90683940241287,204.0868142751069,217.31868373296393,367.24710940679216
2488,21.346950914000196,-216.3918137039017,14.355357422877596,296.6711279951645,-124.66985218359892,212.6565674305052,218.3036234511833,381.72496087727916
2489,21.24928051189206,-217.04111940375523,14.772999115114473,308.2129451434269,-132.48638795870272,219.60180876226093,219.06155144962122,394.8916278156417
2490,20.98620976959434,-217.49000432906448,15.219169854987287,318.49806196196437,-139.19442229931198,224.90868876124614,219.61200539712834,406.46242308908313
2491,20.561499045600545,-217.76564975055177,15.69660064369888,327.30905449307403,-144.65277341463207,228.58944292595027,219.98146551306678,416.18763990040674
2492,19.985407159291103,-217.9006802079976,16.207573360468086,334.45189335276467,-148.74198751501703,230.68209976748375,220.20209802716948,423.8599686966815
2493,19.274403194173118,-217.9317507490107,16.7539565743751,339.76366219389,-151.36468620571057,231.249639242489,220.31031848623954,429.320908850614
2494,18.450704798139054,-217.89801485713053,17.337227325099274,343.1195368297833,-152.44541668893484,230.37860603621274,220.34522965947158,432.46590161267846
2495,17.541655088885463,-217.83953135145572,17.95847523069656,344.43868200439584,-151.93005713953542,228.17719757904592,220.34699375905143,433.2479454208266
2496,16.578954411160804,-217.79567050907744,18.618386974456495,343.688770608212,-149.78484021161972,224.7728621928318,220.35520096345954,431.67950842614766
2497,15.597766890046938,-217.80357886821625,19.317210919343292,340.88889935451544,-145.99506709980804,220.30945733237397,220.40729567460826,427.8326235645646
2498,14.635724861139241,-217.89675866026903,20.05470321316132,336.1107597510165,-140.5635926220019,214.94403083839546,220.5371185816852,421.8371339197948
2499,13.731856775027206,-218.10381178211685,20.830058163204935,329.47801611366464,-133.50916777719405,208.8432991573461,220.77361661858885,413.8771439282227
2500,12.925466004918237,-218.44739006051893,21.641826658235534,321.16393505604924,-124.8647292674629,202.17990558558841,221.13976466930876,404.1858176729668
2501,12.25498900616984,-218.94338383704581,22.487826751143047,311.3873953575475,-114.67572473737171,195.12854884418024,221.65173292570387,393.0387418030844
2502,11.756861374133805,-219.6003701835272,23.365050179125124,300.40747670942415,-102.99855754116528,187.8620777276057,222.31832270482212,380.7461314325451
2503,11.464419545678554,-220.41933090129334,24.269567961265473,288.5168759243326,-89.89922571143546,180.5476510316146,223.14068190117163,367.644198536983
2504,11.406864362645594,-221.39363945096704,25.196437805693634,276.03442759255796,-75.45221678851509,173.3430629948244,224.11229975514104,354.086021897342
2505,11.608310701810105,-222.50930568435695,26.1396161986488,263.2970133271055,-59.73970374962319,166.3933324644642,225.2192699045092,340.43225588977816
2506,12.08694508122636,-223.74545823702593,27.09187867575923,250.65113244351437,-42.85106808140746,159.82764839241634,226.44080129482657,327.0419948340813
2507,12.854310677815125,-225.07503718164406,28.04475257857558,238.44438156483344,-24.882754956371212,153.75675478275744,227.7499489219166,314.2640740791796
2508,13.91473651385058,-226.46566447704356,28.98846726711614,227.0170564231874,-5.938443646392984,148.27084473756852,229.11453097075892,302.4290431141165
2509,15.264924595252568,-227.8806571593869,29.911927140476585,216.69405135852975,13.870505044524478,143.43801593660905,230.49819596645793,291.8419945299448
2510,16.893705441233124,-229.2801480110184,30.802712856483346,207.77719549569304,34.42438237265719,139.3033193910997,231.86160296466707,282.77638028477924
2511,18.781968769558873,-230.6222799741711,31.64711576017402,200.5381330151098,55.594321890585384,135.88841086215476,233.1636789473975,275.4688975620289
2512,20.90277225772372,-231.86444296977257,32.43020967169749,195.21183054073245,77.24143678586117,133.19179147706274,234.36291958248117,270.1154835990573
2513,23.221627540576943,-232.96452442319506,33.135962886076484,191.99077817216786,99.21600640969599,131.18960234041378,235.41870175945166,266.8684238237667
2514,25.69695918655273,-233.88214746001807,33.747391599799556,191.0199416065735,121.35682189080508,129.83691866762268,236.29257863193217,265.83455078867325
2515,28.280729458251926,-234.57987333309575,34.2467541645825,192.39251986039386,143.4908041527545,129.06947326020392,236.9495302292688,267.0744921671658
2516,30.91921918722398,-235.02434712221276,34.615783841762166,196.14656460141893,165.4330064513083,128.80572774852126,237.35914503699425,270.60291343623425
2517,33.55395297449759,-235.18736809748725,34.83595634487953,202.2625211232152,186.98710786426997,128.9492033027602,237.4967103167239,276.3896935697379
2518,36.122755046402425,-235.04686831911684,34.88878751071468,210.66175558369272,207.9464943246188,129.39098047664262,237.34419132395027,284.36196879671235
2519,38.560920306267896,-234.58778490636425,34.75615592567391,221.2061364080041,228.09600999845608,130.0122803280824,236.89108183818146,294.40697891041293
2520,40.80248331804916,-233.8028127572652,34.420645260043614,233.69873799954718,247.21444394427223,130.687045687011,236.13511035800988,306.37565137251346
2521,42.78156613766456,-232.69302527484552,33.865901384673016,247.88573066377376,265.077794575268,131.28445204785083,235.08278787114835,320.0868591425645
2522,44.43378411822174,-231.26835093207995,33.076999852271854,263.45951091161857,281.4633269157691,131.67129150968864,233.74978433159907,335.33228744996234
2523,45.69768703687085,-229.54789337263531,32.04081970122056,280.06311056010884,296.1544047000266,131.71418964671977,232.16112188645062,351.8818414631001
2524,46.516211055019355,-227.5600822937284,30.746419562311996,297.29590117480416,308.94604125357824,131.28163306777296,230.35117352772187,369.489520073013
2525,46.838115104770694,-225.34264184273948,29.185411688380224,314.72058251530103,319.6510707524691,130.24580351773338,228.36345641325357,387.8996701910796
2526,46.61937333381191,-222.94236310192105,27.352328881178025,331.8714100668319,328.10679654413275,128.48423157119302,226.25021000327396,406.85352098390103
2527,45.824493308173466,-220.41466784827688,25.24497849123486,348.26357815745484,334.18192812998234,125.88129828585207,224.0717507867351,426.095879019735
2528,44.42772785199739,-217.8229524279284,22.86477676841403,363.4036327801706,337.78357609406083,122.32962569541793,221.8955979623918,445.3818448950851
2529,42.4141468403549,-215.2377034401289,20.21705572795541,376.80074372140393,338.86403780670315,117.73140580478004,219.7953681160651,464.48339166034685
2530,39.78053421611587,-212.73538113215545,17.31133323766922,387.9786208107672,337.4270789038774,111.99972191218495,217.84944181493657,483.1956275533119
2531,36.53607532815591,-210.3970720915392,14.161535369837436,396.48781588489754,333.5333984547686,105.05991488847832,216.13941126101608,501.3425522278112
2532,32.70280071745314,-208.3069200094434,10.786158569922463,401.9181120898633,327.3049607373953,96.85104009985145,214.7483257613718,518.7821084112193
2533,28.31575490552596,-206.55035180748942,7.208358133043079,403.9106670680728,318.92788430449093,87.32744809175423,213.7587606081967,535.4103308295596
2534,23.422862600899453,-205.21212589846598,3.4559488909317047,402.1695481637076,308.6535997176291,76.46050464952596,213.25074459342255,551.1644020787566
2535,18.084469995759168,-204.37423929937287,-0.43869608071622507,396.4722780624712,296.79802094098085,64.24044458416864,213.29959125167525,566.0244415774519
2536,12.372545489072863,-204.11374022558087,-4.438862451941767,386.67900041629827,283.7385218766029,50.67833004460472,213.97368847207161,580.013879438269
2537,6.369532356829718,-204.50050216825153,-8.503839962461086,372.7398789272067,269.9085688297145,35.80805995744507,215.3323098143834,593.1983024096328
2538,0.1668557305910617,-205.59502373220954,-12.589406910628972,354.70036141486156,255.7899317213958,19.688353944709927,217.42351812742396,605.6827038610464
2539,-6.136902301734235,-207.4463250069854,-16.64846175194185,332.703973356803,241.90248147667754,2.4046132454843154,220.28223717594358,617.6071235849777
2540,-12.43813299152676,-210.0900152518028,-20.63180531444879,306.9923541352263,228.79167783287133,-15.929455880070533,223.9285691343091,629.1407253600235
2541,-18.630596912581204,-213.54660767437693,-24.48907081820431,277.9023153557758,217.01395977365564,-35.170582753167004,228.36643434746702,640.4744302628785
2542,-24.608032792593935,-217.82015485086913,-28.169790591981688,245.85978636643983,207.12036746494167,-55.145168995147046,233.5826043671783,651.8123007881162
2543,-30.2669139236172,-222.89727283293726,-31.624578281121227,211.37061937514716,199.63884537054528,-75.64915175842168,239.5461898744674,663.3619526623083
2544,-35.50927576595719,-228.7466132175,-34.80639392820669,175.00835546527364,195.0557939580604,-96.44861451129464,246.2086317341592,675.3243529979188
2545,-40.24552907881698,-235.3188304731116,-37.67184744619578,137.3992004222441,193.79754256445773,-117.28125002818797,253.5042262839841,687.8834371887243
2546,-44.397165814096454,-242.54707679487177,-40.18248498386022,99.20461864041454,196.21249802879947,-137.85875817350606,261.3511955315907,701.1960317680777
2547,-47.89926050064389,-250.34803893872282,-42.30599432845273,61.102112928001574,202.55477270903788,-157.8702350134091,269.65329008257777,715.3825931731509
2548,-50.70266858209573,-258.62351123506164,-44.01726190218476,23.76490216004068,212.9701035069434,-176.98658119423786,278.30188864873594,730.5192500662888
2549,-52.77582589075544,-267.26247705791224,-45.29921667219479,-12.158680131499915,227.48483500236367,-194.86592716207824,287.17853466226217,746.6315629850862
2550,-54.10606067882813,-276.14364870591413,-46.14340578247473,-46.06518100658592,245.99865185090584,-211.1600406414248,296.1578298643271,763.6902977371504
2551,-54.70034165504211,-285.1383944734173,-46.55026205387532,-77.41452935331452,268.28160858698277,-225.52164723048529,305.1105884430327,781.6093732260158
2552,-54.585402359032564,-294.11396302106647,-46.529042910475965,-105.74621430940141,293.97582368280746,-237.61255716786604,313.90714425836995,800.2460214726424
2553,-53.8072038067735,-302.93689994261433,-46.097441480741814,-130.6924262080406,322.60198924425146,-247.1124495931431,322.42069792900264,819.4031073606523
2554,-52.42972314740272,-311.47654022594884,-45.2808911316988,-151.9876015000411,353.5706130146054,-253.72811983630208,330.53058948793495,838.8334981994923
2555,-50.53308503172151,-319.60845345992436,-44.11160232738745,-169.4739953049168,386.19767303209255,-257.2029463663045,338.12538513436215,858.2463345729055
2556,-48.211082958079835,-327.2177164213907,-42.6273839967307,-183.10309840009728,419.7241446077844,-257.3262845058945,345.1056726366946,877.3150173395628
2557,-45.56816827226779,-334.2018903778392,-40.87031009600695,-192.93290715561147,453.33866844806636,-253.9424481294926,351.38646885967336,895.6866796606532
2558,-42.71601295334188,-340.47358837817677,-38.88529613832888,-199.12123577742133,486.2024774296567,-246.9589039056242,356.8991547559186,912.9928544105741
2559,-39.76977683947959,-345.96253131726246,-36.718650874131306,-201.91542327180846,517.4755930402473,-236.35328117610044,361.592868259328,928.8609806856269
2560,-36.84422831326664,-350.617010879553,-34.416665701392375,-201.63892753354304,546.3432429921021,-222.1787993870517,365.4353041322629,942.9263277529768
2561,-34.04987767006329,-354.4047023642145,-32.02429917446417,-198.67541206128507,572.0414396446197,-204.56773758406487,368.4128919770966,954.8438622023996
2562,-31.489283405490603,-357.31279981459994,-29.58400645739293,-193.45101483874487,593.8806946812693,-183.7326186430115,370.5303488094715,964.2995555167381
2563,-29.25368366729549,-359.3474778801472,-27.13475411340909,-186.41554378749737,611.2669280754172,-159.96485496981163,371.8096295958139,971.0206335627728
2564,-27.420089064572668,-360.532716875868,-24.711249732849964,-178.02337085733402,623.7187558060475,-133.63070108818354,372.2883261335493,974.7843109602414
2565,-26.04895014759502,-360.90855688449847,-22.34340404632187,-168.71480038142244,630.8805054662466,-105.16447816388823,372.01758941638514,975.4246305808452
2566,-25.18248471718614,-360.528871235298,-20.05603073867125,-158.8986693779518,632.5305040933389,-75.0591693244025,371.05967119005265,972.837134921919
2567,-24.843718645948773,-359.45876792417613,-17.868776615885338,-148.93689854020525,628.5843992443818,-43.854623133442715,369.48519540109277,966.9812216072554
2568,-25.03626114251707,-357.7717389506091,-15.796262735801482,-139.1316506754375,619.0935027893977,-12.12373510183438,367.3702789463045,957.8801682216282
2569,-25.744803101460775,-355.5466821078075,-13.848406430550467,-129.71566466082783,604.238376425259,19.542906260571545,364.79362328158686,945.618940740988
2570,-26.936296698845027,-352.86491792060826,-12.030885603651557,-120.84621414630787,584.3180966611812,50.553329600800204,361.83369426949747,930.3400146754567
2571,-28.561746857170338,-349.80731715589496,-10.345700824624704,-112.60298993230353,559.7358321388496,80.33080494432379,358.56609794232054,912.2375298769163
2572,-30.55852172587893,-346.45164291727383,-8.79178801901497,-104.99002534810401,530.9815246410466,108.33011123742624,355.0612458545563,891.550161993611
2573,-32.853070981331015,-342.87019692748316,-7.365635491954482,-97.94158144944052,498.61257527731647,134.0527850194066,351.3823866369285,868.5531218372428
2574,-35.36392838268607,-339.1278429845894,-6.061863974078649,-91.3316941639462,463.23349038441046,157.06073424927294,347.58406126986483,843.549688126202
2575,-38.00486897241921,-335.28046236369636,-4.873737002566342,-84.98687298202859,425.47543375348044,176.98768243890282,343.71101938231106,816.862642690177
2576,-40.688091337499614,-331.37387681743894,-3.793580150771658,-78.70124699048822,385.97656508225117,193.54801819803743,339.79761349401275,788.8259170151216
2577,-43.327300778056916,-327.4432555516936,-2.813099919260594,-72.25329599870052,345.3639272725576,206.5427555442675,335.86766843257067,759.7766837883706
2578,-45.84057925489253,-323.5130037453908,-1.9236050228001214,-65.42319753708863,304.23749031999574,215.8624512322803,331.93480482212516,730.0480467375967
2579,-48.15294186231945,-319.5971123166801,-1.1161430826836052,-58.009775872328284,263.1567828634746,221.48706745033937,328.00317900738867,699.9624069232168
2580,-50.19849669184169,-315.69993210325526,-0.3815733689706131,-49.846062449598996,222.63036050490132,223.48290323739892,324.06858742641873,669.8255240580817
2581,-51.92214481934865,-311.8173207931087,0.28939943164775395,-40.812568021533565,183.10818794791672,221.99683932852687,320.1198716612586,639.9212562536377
2582,-53.28077921111,-307.9380982380412,0.9062046097706132,-30.847519164565007,144.97686184067894,217.24824399428238,316.14055156335394,610.5069558047704
2583,-54.24396473225204,-304.0457357942877,1.4783745128429668,-19.953513992094635,108.55748060978885,209.51896829842514,312.11060835581486,581.8095208135719
2584,-54.794104872960204,-300.12019877556025,2.0154848017240434,-8.20028630742053,74.10587960476026,199.14191552995726,308.0083377710953,554.022144068201
2585,-54.92612281401543,-296.1398584977066,2.5270544447630763,4.276486133107812,41.81489358984742,186.48869977153694,303.81219512946734,527.3018478557683
2586,-54.64670378517226,-292.0833917505883,3.022402347260918,17.28015513791451,11.818280287621924,171.95691219687401,299.5025593951256,501.76793077707123
2587,-53.9731615354426,-287.9315903486943,3.5104656058969557,30.561469831623597,-15.80406688126588,155.95749164572078,295.06335088946327,477.50146627544115
2588,-52.93200366487873,-283.6690108968661,3.999590575201554,43.82977535262591,-41.01997714218933,138.9026506393789,290.4834465747994,454.545972916001
2589,-51.557278156807826,-279.2854041604814,4.49731153082407,56.76634929851108,-63.83826888330556,121.19474310656628,285.7578467447807,432.9093207392628
2590,-49.88878639244099,-274.7768736350318,5.010133118797533,69.0391026199708,-84.30173152764144,103.21638106058303,280.8885568712195,412.56685313352875
2591,-47.970246340527076,-270.1467236126481,5.543332693346784,80.31784186737802,-102.48009701609196,85.32202094261112,275.88515801082474,393.46560651572594
2592,-45.84748416029047,-265.40596821340813,6.100797440318987,90.28930776421998,-118.46324123357563,67.83115345335455,270.76504878770044,375.52942248702726
2593,-43.56672408112143,-260.573484617304,6.684908881202167,98.6712659359275,-132.3548210796181,51.023149944883464,265.5533519031986,358.6646867771234
2594,-41.173036004912404,-255.6758061238205,7.296483888359226,105.22502175255005,-144.26651651853624,35.13374869854724,260.28248858329334,342.766403638034
2595,-38.7089885575932,-250.74656359363016,7.93477689972523,109.76585318676919,-154.31300735919646,20.3531083450589,254.9914353735939,327.72432080389467
2596,-36.2135429961691,-245.82559716338184,8.597543185379728,112.17099276630522,-162.6077708657397,6.825313845433641,249.72468916356624,313.4288502461528
2597,-33.721211131596796,-240.95777360288739,9.281158580358023,112.38493151719491,-169.25973932658158,-5.350808202760737,244.53097803297928,299.7765733779684
2598,-31.261488769133667,-236.1915577079382,9.980787745710217,110.42195489263727,-174.3708091427005,-16.119725693148496,239.46176689536068,286.6751664929716
2599,-28.858565221344488,-231.57739777971204,10.690591102783136,106.36594608396051,-178.03414924117794,-25.466258308308202,234.56961707043595,274.04762602861905
2600,-26.53129891176047,-227.16599457449706,11.40395999960724,100.36760175598397,-180.3332216106795,-33.411828881010415,229.9064668931852,261.8357102551224
2601,-24.293438658200305,-223.0065293197018,12.113769953845006,92.63929758629834,-181.3414042752091,-40.01008150570197,225.5219054562412,250.00254397415355
2602,-22.15406015565169,-219.14492883987825,12.81264243846188,83.44791587799749,-181.12209831865988,-45.34203730158034,221.461512934182,238.53435722434307
2603,-20.11817826537017,-215.622244016393,13.493206309698653,73.1060051450021,-179.72920415299507,-49.51095625024303,217.76533816417708,227.44134924280192
2604,-18.187488832187324,-212.47321150519412,14.14835066358936,61.96168191424133,-177.2078648635912,-52.63707033965154,214.4665771025008,216.75768559572492
2605,-16.361189567540357,-209.7250581375045,14.771461881175812,50.387707796552355,-173.5953926043836,-54.85234860892154,211.5905048156035,206.5406496045242
2606,-14.636828491261992,-207.3965935759996,15.356638861344415,38.77017975077846,-168.92231471015336,-56.29544748880426,209.15369973546464,196.8689795974732
2607,-13.01113062866099,-205.49762086408106,15.898881537056628,27.4972579035012,-163.21349736920655,-57.10698892757969,207.16358331516165,187.84043291551774
2608,-11.48075880282626,-204.02867784272743,16.394248389163028,16.948322978309186,-156.48932480821458,-57.42529330115945,205.61828229134483,179.56862883756742
2609,-10.042971826769113,-202.9811062154591,16.839978916516117,7.4839049422155295,-148.76692940286782,-57.382673616530525,204.50680562678988,172.17923852808363
2610,-8.696152416362294,-202.3374303664119,17.234577254523728,-0.5633416541996416,-140.06148111951694,-57.10237221932817,203.80951480524843,165.80561216674243
2611,-7.440186885500898,-202.07201577337378,17.577853650582856,-6.896417102899925,-130.38755152043225,-56.69619196478503,203.49885522170538,160.583960453586
2612,-6.276688365657378,-202.15196758864786,17.870921433089034,-11.260392878979395,-119.76056724659828,-56.262842094264165,203.54030838180265,156.64823581904807
2613,-5.209064305179269,-202.53822388057984,18.11614846916209,-13.447423451256341,-108.198360430079,-55.88698683855243,203.89351958903544,154.12488220555014
2614,-4.2424369670982465,-203.18679500015583,18.317063888623476,-13.300376920391004,-95.7228098128868,-55.63895419111543,204.5135535921588,153.1276354504307
2615,-3.38343233756273,-204.05010011720609,18.47822302691334,-10.71515584471595,-82.3615482400329,-55.5750353768235,205.35223086411355,153.75255542024337
2616,-2.639858157935024,-205.078353463466,18.605035914048045,-5.641808400740721,-68.14969223029352,-55.73828396586059,206.3594991140834,156.07345648038807
2617,-2.020295665354731,-206.22095549769796,18.703566807027308,1.9154601176394173,-53.131530594813896,-56.159708589265385,207.48479757563967,160.13787946168387
2618,-1.5336320850156269,-207.4278476161055,18.78031379816743,11.899271931871933,-37.36209453733626,-56.85974551837414,208.67837511720586,165.96372324112
2619,-1.1885619701199441,-208.65079308045787,18.841978176970642,24.200972340911278,-20.908523524905846,-57.849897097824204,209.89252721911245,173.5366332770872
2620,-0.9930851343128815,-209.844551547278,18.895232949826017,38.663375367782336,-3.851140537994473,-59.134428668679824,211.08272141304735,182.80822980305538
2621,-0.9540272225542005,-210.96791977690341,18.946498864207367,55.084322692178624,13.71584295789561,-60.71202912725268,212.20858575374905,193.69524795636585
2622,-1.076606052362999,-211.98461643544468,19.001734653339625,73.22103695712751,31.684058822600537,-62.57735719674418,213.2347399871408,206.07965223931146
2623,-1.364062916470876,-212.86399415358377,19.066246303313804,92.79525774956205,49.9311994115186,-64.72241515554803,214.13145410734447,219.80977483288697
2624,-1.8173733203583402,-213.5815672436213,19.14451840688691,113.49914236342232,68.32174791057491,-67.13771229727026,214.87512405947817,234.70250875552222
2625,-2.4350464965457412,-214.1193489044586,19.240069659584247,135.00189311921824,86.7082277824103,-69.81319992399247,215.4485596761476,250.54656099992962
2626,-3.2130179645133534,-214.46599739844447,19.3553345467445,156.95703992788927,104.9329556287975,-72.73897668298743,215.8410855642497,267.10673677445885
2627,-4.144634812228042,-214.61677633401095,19.491573977550395,179.0102644339788,122.83026116651747,-75.90577668516615,216.04846130774277,284.12918390169926
2628,-5.220729451098534,-214.57333951110402,19.648818417910295,200.80760556930946,140.2291189348647,-79.30526290109646,216.07263263585068,301.34747770230325
2629,-6.429774343083241,-214.34335552991664,19.82584748560587,222.0038415743341,156.95611913907877,-82.9301550697262,215.9213298355936,318.48937467858804
2630,-7.758107624902611,-213.93999139232326,20.020209919284657,242.27080612444598,172.83868997294832,-86.77422514509126,215.60753353030847,335.2840132896427
2631,-9.190217720655033,-213.38127764782146,20.228287472116786,261.3053706628985,187.70847124882758,-90.83219437848794,215.14883103283444,351.4692981760422
2632,-10.709073934141346,-212.68938031086665,20.445405667093954,278.8368144687203,201.40472988493724,-95.09956453078136,214.56668888741982,366.7991757772265
2633,-12.296489509726918,-211.88980670615533,20.66599325477428,294.63331009561335,213.77770278070457,-99.57241148180454,213.88566883363575,381.0504982267115
2634,-13.933503589491435,-211.0105733120621,20.88379028230676,308.5072751531537,224.6917529653841,-104.24716298772749,213.13261497476037,394.02918075193884
2635,-15.600768853861945,-210.08136332973416,21.092101811410554,320.3193813645702,234.02823143300412,-109.12037426737983,212.33583918141142,405.5753858354421
2636,-17.2789325145826,-209.13270000656405,21.28409085692612,329.9810665654129,241.68794988471186,-114.18850650547547,211.52432965136447,415.567513629926
2637,-18.948999774909105,-208.1951587363542,21.453100672262458,337.45546157958256,247.59318789327847,-119.44770541658865,210.7270041807793,423.9248392931671
2638,-20.59267075633719,-207.2986368916853,21.592993619040172,342.7567172091332,251.68918009735162,-124.89357090531271,209.97202536479864,430.60870914395747
2639,-22.192643999468793,-206.4716956194693,21.69849178078964,345.9477914648462,253.94505257281867,-130.5209056291863,209.2861900520223,435.62228284655373
2640,-23.73288179939491,-205.74098282810027,21.765503275247045,347.136827886948,254.35419996136977,-136.32343061669016,208.694400311005,439.0088818732997
2641,-25.19883474035171,-205.13074161474492,21.791417942161278,346.47231693125485,252.93411414298595,-142.29346017367467,208.2192182406887,440.84906947029833
2642,-26.577624814333397,-204.66240375065112,21.77535680016291,344.1372793772995,249.72569006876645,-148.4215356443417,207.8805025104537,441.2566397070104
2643,-27.858188358256275,-204.35426393721437,21.71836133079435,340.34274031460006,244.7920447922081,-154.69602702757797,207.69512091103536,440.373730031753
2644,-29.0313815165036,-204.22122767498178,21.623511074032308,335.32077292728184,238.21689260539955,-161.1027212867517,207.67673069037377,438.3652919858061
2645,-30.090051792667477,-204.2746238958493,21.495960961867794,329.31738339775654,230.10252382089723,-167.62442452727387,207.83561711383084,435.4131590084842
2646,-31.02907938543447,-204.52207301229765,21.342893051403156,322.5854839942289,220.56743851676563,-174.24061045885398,208.17858049262236,431.70994072575445
2647,-31.845391477510603,-204.96740172315089,21.173380734565438,315.37816439651795,209.74369064038837,-180.92714882705155,208.70886284326204,427.4529528407444
2648,-32.537951682529894,-205.61059771986163,20.99816713790894,307.9424260593758,197.77400303291134,-187.65614468828215,209.4261073425055,422.8383642125202
2649,-33.10772576919927,-206.44780015351404,20.829363350587556,300.5134959967069,184.8087204656849,-194.39591302815992,210.32634667013443,418.05571138524596
2650,-33.55762385873212,-207.47132500659325,20.680076222584376,293.30979006819047,171.00267529051908,-201.11110423390681,211.40201986605894,413.2828989132234
2651,-33.89241862201681,-208.6697279387298,20.56397941396139,286.52855645307966,156.51204771391292,-207.76298552850088,212.64202101052965,408.6817740308675
2652,-34.118638472398885,-210.02791026715312,20.494844682820663,280.3422010125186,141.49130839909773,-214.30987284962507,214.03178632257416,404.39433853729423
2653,-34.24443421997789,-211.52727610499454,20.486052615783382,274.8952793193472,126.09033333268697,-220.70769771576533,215.5534287053961,400.5396402992716
2654,-34.27941716251552,-213.1459501214412,20.55010280607834,270.30213492966226,110.45177827973484,-226.91068488477828,217.18593014203526,397.21137167711623
2655,-34.2344663748947,-214.85906581014166,20.69814284499936,266.6451680009533,94.70879203219116,-232.8721093741511,218.90540261129368,394.47619183263794
2656,-34.121503266983375,-216.63913337662242,20.939533664348442,263.97372963182323,78.9831341515885,-238.54509599122602,220.68542725131823,392.372783198008
2657,-33.95323234750772,-218.45649418556434,21.281466004834318,262.30365182917114,63.38374471226898,-243.88342129205319,222.49747919764366,390.9116479710283
2658,-33.742848408887546,-220.2798651787879,21.728639243815188,261.61743710516134,48.00579174281429,-248.84227710555294,224.3114418966523,390.07564664181376
2659,-33.50371186301471,-222.07697213719638,22.283009805754887,261.8651416646934,32.930198100115255,-253.37895639863632,226.09621008365528,389.8212753082316
2660,-33.248995599115744,-223.8152655716121,22.94361248560084,262.96598866478206,18.22362526317336,-257.45342605538167,227.8203754791276,390.0806701291629
2661,-32.99130842859111,-225.46270771202003,23.706454833471973,264.8107407995752,3.9388690940412685,-261.0287567612302,229.45298393963793,390.7643146055857
2662,-32.74230187911307,-226.9886137558042,24.564482632926513,267.2648436517201,-9.884396064182052,-264.071387285292,230.96434755740088,391.7644083397337
2663,-32.51226878717837,-228.364525540435,25.50761354194375,270.17232364686237,-23.2186020166636,-266.551208669928,232.3268903571464,392.9588352251275
2664,-32.309743819363156,-229.56509150290032,26.522835950379445,273.36038926077066,-36.047084541355545,-268.4414627157331,233.5160021585794,394.2156458878759
2665,-32.14111768504175,-230.56892354921408,27.594370552265833,276.6446445091804,-48.362780215052446,-269.71845818693726,234.51087217720442,395.397945017806
2666,-32.01027824619112,-231.35939964694364,28.703892511052747,279.8347832718185,-60.16690388593492,-270.36111690888004,235.2952723156393,396.36905041999876
2667,-31.918292791163363,-231.92538088627134,29.830812136893318,282.7405952293841,-71.46767957031122,-270.35037009894353,235.8582601124287,396.997768700638
2668,-31.8631462313106,-232.2618135614648,30.95261171097717,285.1780824403324,-82.27918458166165,-269.6684327078818,236.19477308345904,397.1636141486144
2669,-31.839549698909344,-232.37019038283387,32.04523564053602,286.9754628805962,-92.62034995362191,-268.29799010759956,236.30608960135788,396.7617844378171
2670,-31.838832833661545,-232.2588499128738,33.083530644683094,287.97882637227957,-102.5141402179586,-266.22133701146686,236.20013620199455,395.70770132572505
2671,-31.84893101944353,-231.9430992420339,34.04173208068367,288.05721155980615,-111.98691372944306,-263.41951297465823,235.89162681176057,393.9409287432877
2672,-31.85447613837018,-231.44515117903097,34.89399149980534,287.10689138437317,-121.06794339097682,-259.8714820869003,235.40202525010443,391.428296369887
2673,-31.836996093887944,-230.7938733033403,35.61493882538357,285.05468881326146,-129.78905966562363,-255.55340635199715,234.75932794402817,388.1660847488743
2674,-31.775224525957082,-230.02435185362586,36.1802703484053,281.8601924721069,-138.1843656410702,-250.43806260790515,233.99766886868,384.18116752282776
2675,-31.645518179274838,-229.17727850618394,36.56735147273358,277.51679944771894,-146.28996920111518,-244.49445166494823,233.1567532835319,379.5310550793437
2676,-31.42237575055159,-228.29817244938755,36.755821055925466,272.0515744166816,-154.14368050202916,-237.68764564821282,232.28113075380102,374.3028378256977
2677,-31.07904901067868,-227.4364535682698,36.72818225497032,265.52397409466096,-161.78463321391337,-229.97891521870278,231.41932104132536,368.6110813458744
2678,-30.588234597148798,-226.6443850985012,36.47036303659672,258.02353773020957,-169.2528034828778,-221.3261720515116,230.62280880427096,362.5947744246815
2679,-29.922832899451134,-225.9759062865854,35.972228211135025,249.66668335378856,-176.58841850493653,-211.68475311614463,229.94492515777463,356.41346965832435
2680,-29.056758631630533,-225.48537797452465,35.22802426238523,240.5927733915267,-183.83126384062794,-201.0085615793592,229.43963657777678,350.2427820954086
2681,-27.965785830891708,-225.22626683743871,34.23673849047084,230.95962222780585,-191.0199123928857,-189.25156471217366,229.1602645889709,344.2694232296944
2682,-26.628408141547617,-225.24979706025013,33.002355151403805,220.93861454455183,-198.19090650504532,-176.36963270457454,229.1581629934993,338.68594680339174
2683,-25.0266934404785,-225.60360117992667,31.53399345790054,210.70959010225425,-205.37792721200682,-162.32268473423605,229.48138272602378,333.68537164050906
2684,-23.14711017611461,-226.3304042818134,29.845915425498564,200.45563170980188,-212.61098168562665,-147.07709112061343,230.17335738364906,329.4558281438429
2685,-20.981301118682847,-227.46677739896546,27.95739536187317,190.35787201432262,-219.9156327586724,-130.60826412880326,231.27164468473185,326.1753525791335
2686,-18.526778478774037,-229.04199648881186,25.89244712724404,180.59041467847666,-227.31228526889223,-112.90335612536572,232.80676016974172,324.0069304102799
2687,-15.787512781973973,-231.0770424365201,23.67941018345359,171.31544915990614,-234.81553525104744,-93.9639732884473,234.80113906773218,323.09386997479834
2688,-12.774387017495103,-233.58377502378949,21.350401032600477,162.67862745100155,-242.433581682657,-73.80880664577732,237.26826033283635,323.55557300920736
2689,-9.505487990990162,-236.56430985119866,18.94064282163011,154.80476667434823,-250.16769760814378,-52.476080361504465,240.21196356627092,325.4837600562858
2690,-6.006209055434579,-240.01062211011643,16.487692140493017,147.79394352276051,-258.0117582643903,-30.025720155930028,243.62598512180182,328.93920666159244
2691,-2.309142955058901,-243.9043951191263,14.030587648565128,141.7180545190616,-265.9518283118581,-6.5411521937369015,247.4937343201874,333.94904978469276
2692,1.546249438938686,-248.21712483877167,11.608949561636253,136.6179280950498,-273.9658185135488,17.869346454916574,251.788324477634,340.50473154522643
2693,5.514199645238439,-252.9104843209894,9.262061927130075,132.5010874118368,-282.02323366809986,43.07181235642668,256.47286647854605,348.56065666573716
2694,9.543416350186446,-257.9369444321704,7.027970894518443,129.34027289431828,-290.0850460483567,68.90632952436125,261.50102499781894,358.0336467077512
2695,13.578079322775888,-263.2406394542802,4.942631806855109,127.07283738771471,-298.10373809955445,95.18737518475645,266.81782938037475,368.80327370880417
2696,17.559018024397133,-268.7584586704878,3.039135817032806,125.60112271610012,-306.02356090874054,121.70480930966175,272.3607229859656,380.7131445731764
2697,21.42504247288643,-274.4213382364091,1.3470426850369455,124.79391326031875,-313.78104949011083,148.22552924571772,278.0608270626397,393.57318489860364
2698,25.114387523321522,-280.1557218636753,-0.10815973553750567,124.48903894127237,-321.3058238424386,174.4958002582832,283.8443884108194,407.1629394055568
2699,28.566227084159422,-285.8851541386182,-1.305456944897612,124.49716506950917,-328.5216895500813,200.24426172939718,289.6343744331176,421.2358702933108
2700,31.722212031010407,-291.5319666105145,-2.2285672742522644,124.60675855626069,-335.3480367876786,225.1855962820404,295.35217468436605,435.52459902074963
2701,34.52798480955913,-297.0190142656019,-2.8660661707924846,124.59015973065674,-341.7015235774773,249.02483423429152,300.9193649300898,449.7470034750999
2702,36.934624835244335,-302.2714188837393,-3.2113906154948118,124.21062065036313,-347.49801771788356,271.46224754591327,306.25948819119117,463.61305086174895
2703,38.89998144876182,-307.2182759710795,-3.2627452094443927,123.23010153533419,-352.65476075304224,292.19876530193824,311.2998071681168,476.832215052025
2704,40.38985493717742,-311.7942830358642,-3.022934589384783,121.41755506440413,-357.0927059667973,310.9418171171261,315.9729833392072,489.12129441330956
2705,41.37899068056554,-315.9412484490093,-2.499146710486516,118.5573808252822,-360.7389710860187,327.41148298895934,320.21863946181287,500.21241352115703
2706,41.85185672538121,-319.60944175934924,-1.7027084797274668,114.45770375445885,-363.5293365121394,341.3468003192486,323.9847639699511,509.86096316683154
2707,41.80318095486629,-322.7587481620454,-0.6488297947613874,108.95812284778664,-365.4107130713932,352.5120538115776,327.22891792667565,517.8532122703722
2708,41.23823033889585,-325.3595921584974,0.643655124285328,101.93658968273428,-366.3435005926251,360.7028544376859,329.9192080243734,524.0133165554975
2709,40.17282123249686,-327.39359880152966,2.152548425974701,93.3151092997169,-366.3037598650955,365.75180181433933,332.0349930469829,528.2094541280543
2710,38.6330562177634,-328.8539658324899,3.8525590301263515,83.06400746243933,-365.2851236224456,367.5335215199895,333.5672966639266,530.3588371878448
2711,36.65478964349043,-329.7455267788668,5.71559785197823,71.20457671136154,-363.3003739037225,365.96887581873654,334.5189066477742,530.4313801343532
2712,34.28283095846348,-330.0844934780509,7.711118083395044,57.80999616935431,-360.38261128094524,361.02816338646693,334.9041493532434,528.4518450708406
2713,31.569902155782447,-329.8978759099355,9.806522246248687,43.004511613619634,-356.5859373346722,352.7331514048272,334.7483379449586,524.5003346627606
2714,28.575373070272317,-329.2225870678214,11.967654613063582,26.960955060083858,-351.98557060565065,341.1578220379207,334.0869028597356,518.711058798344
2715,25.363805916585083,-328.1042505817182,14.159389758260168,9.896767578926614,-346.67732460642895,326.4277641294364,332.96422310472724,511.2693648589895
2716,22.00334829226704,-326.595738843395,16.346316458664067,-7.931243602645982,-340.7763984815151,308.71819764233027,331.4321871436205,502.40708990300936
2717,18.564021486614884,-324.7554793831078,18.49350284846812,-26.23313873840331,-334.41546583947303,288.25067885924057,329.5485221064556,492.3963632398663
2718,15.115957513875815,-322.64557703263364,20.56731595417187,-44.692777322728766,-327.74208971040366,265.28859339236055,327.3749395132911,481.5420545737499
2719,11.727642919599337,-320.32980861390644,22.536258529548004,-62.975163577935994,-320.9155336378691,240.1315961455663,324.97515416986647,470.1731203196247
2720,8.464229337589517,-317.8715548467019,24.37177991021957,-80.73395218159698,-314.1030733292662,213.10919810768812,322.41283979260663,458.6331441295506
2721,5.385969463465242,-315.33173999227256,26.04901613001823,-97.61890872479749,-307.4759357724178,184.5737267676695,319.7495896271061,447.2703948463432
2722,2.5468323232975836,-312.7668527575856,27.547417806418515,-113.28317699159243,-301.20500289461626,154.892899705289,317.04295248733365,436.42773633042543
2723,-0.0066563483337627495,-310.2271219381281,28.85123168313065,-127.3902640602374,-295.456417624335,124.44225095184743,314.3446143046185,426.43272089716135
2724,-2.2363134918652867,-307.7549171689003,29.949812056341045,-139.62070648521777,-290.38722609338436,93.59763957235776,311.6987925459153,417.58818403273176
2725,-4.112915103132007,-305.3834389405316,30.837750190324854,-149.67841986235445,-286.1411845589654,62.72805246363426,309.14090562661517,410.1636348041853
2726,-5.616519910783755,-303.13575270277033,31.514821881679612,-157.29675547236747,-282.8448551912781,32.18889099367567,306.6965714821073,404.38770522420674
2727,-6.736503523028862,-301.0242095747829,31.985764363373384,-162.24428958416328,-280.6041106105086,2.315905323722898,304.38097865159426,400.4418833237818
2728,-7.471318064653844,-299.0502812581653,32.25990276873806,-164.3303541732787,-279.50116104112334,-26.580088199047136,302.19865962692165,398.45570931944945
2729,-7.828002433703259,-297.20481980450717,32.350652800371044,-163.41028523436353,-279.59220816441984,-54.21760185410428,300.1436802153936,398.50356308475966
2730,-7.821476225212567,-295.46873485059047,32.274929941179806,-159.39032082762924,-280.9058148956748,-80.34791123676632,298.200241106445,400.60311584932987
2731,-7.4736559467000925,-293.8140629119621,32.052496677615935,-152.2320305056458,-283.44205995102396,-104.75749105749732,296.34366986348897,404.71546168288273
2732,-6.812435407974998,-292.20538635950646,31.705278083684828,-141.95610644249598,-287.1725204432612,-127.2694472728194,294.5417643116941,410.7468869006983
2733,-5.8705732324953015,-290.60154463805793,31.256673217029366,-128.64530071936625,-292.0410956709692,-147.74397408361696,292.7564327124683,418.5521800507919
2734,-4.684529613993162,-288.9575677484106,30.730885761571272,-112.44625948190298,-297.96565219048216,-166.0778955110005,290.94556294757064,427.9393339304702
2735,-3.293292189380362,-287.22675243120096,30.152292841880996,-93.56998947242256,-304.84043631084796,-182.20337875514988,289.06504270335205,438.67544714490595
2736,-1.7372276056176368,-285.36279524969115,29.54486635589961,-72.29070109628682,-312.5391679132576,-196.0859290934195,287.07084579703974,450.49359962648845
2737,-0.05699121547129917,-283.32189440529083,28.93165679383331,-48.94280829592641,-320.9187015209294,-207.72179285515224,284.9210968918163,463.100457536678
2738,1.7074775287329766,-281.0647341730127,28.33434554939432,-23.915930304292345,-329.8231188197072,-217.13490563356316,282.5780284612242,476.18435981411574
2739,3.5178518071042277,-278.5582723951097,27.772868349356564,2.352167894039133,-339.0881024221497,-224.37352730360914,280.00975007549596,489.4236504664968
2740,5.338189790541257,-275.7772619376918,27.26510973697658,29.384646022087793,-348.5454337116387,-229.50670374049616,277.19176031332444,502.4950435557981
2741,7.135571844139905,-272.70545048043084,26.826666623423478,56.67649293185539,-358.0274576769896,-232.62068762969037,274.1081449342037,515.0818350247483
2742,8.880597313767307,-269.33641864749194,26.470677720937758,83.70696017380908,-367.3713643279703,-233.81543787463977,270.75242053783774,526.8817993269615
2743,10.547740727502546,-265.67403358890937,26.20771490548937,109.95310416308236,-376.42314938947385,-233.2012996190908,267.1280000425923,537.6146230921306
2744,12.115571728417594,-261.7325128320979,26.045731877611267,134.90392561062316,-385.041136294363,-230.89594597789,263.2482740412881,547.0287308886367
2745,13.566846820729834,-257.53611042583543,25.990064788748082,158.07453899855997,-393.0989662822298,-227.02163971980985,259.13631930636285,554.9073532001305
2746,14.8884840274127,-253.11845289060088,26.043478927812362,179.01978920741746,-400.48799214472984,-221.7028500456444,254.82426122432673,561.0736819379451
2747,16.071433869387697,-248.52156529739904,26.206255321582645,197.34675717476148,-407.11904173396056,-215.06423789009173,250.35232978782682,565.3949629151475
2748,17.11046177181524,-243.79463740835058,26.476311273790035,212.7256574516249,-412.9235474152937,-207.22900423291716,245.76765845791095,567.7853936302582
2749,18.003858141780917,-238.99258618645192,26.84934936944077,224.89872030441197,-417.8540648656268,-198.31758071538948,241.12288168163207,568.2077296528004
2750,18.75309298087574,-234.17447440532536,27.319030142246685,233.6867603799699,-421.8842269349214,-188.44663091612483,236.47459038111117,566.6735507336109
2751,19.362432080477163,-229.40184594674244,27.877164287383337,238.99325320943,-425.00819423983967,-177.72832396276232,231.88170569034375,563.2421927386011
2752,19.838531661637287,-224.73703691272323,28.51392087714966,240.80586080608796,-427.2396731327975,-166.2698394023517,227.40382984251832,558.0184071534038
2753,20.190027664509117,-220.24151796953393,29.218048487503957,239.19546036410875,-428.6105739886661,-154.17306287559538,223.09962946443818,551.1488603675717
2754,20.427134574600775,-215.97431751021134,29.977106573007674,234.31282918499122,-429.1693794289497,-141.53443544013868,219.0253007421317,542.8176256772094
2755,20.5612666450941,-211.9905676797354,30.77770490673977,226.38321967266884,-428.9792846873911,-128.44492451840983,215.23315839227106,533.2408489949936
2756,20.60469176052177,-208.34020668941287,31.605749361418226,215.69911745101544,-428.1161625319958,-114.99009047116964,211.77038173596813,522.6607834082193
2757,20.570225139594516,-205.06686184808095,32.44669258940179,202.6115121389194,-426.66639468481554,-101.250228839911,208.67794209911403,511.33938859343164
2758,20.470966741056372,-202.206929026412,33.285788078723996,187.52002487576516,-424.72460200635726,-87.3005736723396,205.98972689951168,499.5516810112043
2759,20.320082838580298,-199.7888564235082,34.108345522019796,170.86223202200654,-422.3912979952697,-73.21155160645185,203.73186769223406,487.5790032723758
2760,20.13062903983828,-197.83263389781317,34.899984570687984,153.1025046371827,-419.7704851490502,-59.049079322173604,201.9222725392118,475.70235989285356
2761,19.915409279233092,-196.34948389154528,35.64688319016478,134.7206531564928,-416.96721170296235,-44.87489851221647,200.57035755041454,464.1959450749991
2762,19.686863242337466,-195.34174608284135,36.336016299424976,116.20063102520935,-414.0851069537738,-30.74694272422544,199.67696834948424,453.3209683155073
2763,19.456973512819214,-194.80294521605285,36.95538032943912,98.01951428534773,-411.22391615874164,-16.719729440198325,199.2344794749236,443.31986659854056
2764,19.237183590137537,-194.718029882086,37.49419979304304,80.63693974882098,-408.47706023870796,-2.8447688439409946,199.22705816145313,434.4109780752655
2765,19.038318721274905,-195.06376907524233,37.943112822800884,64.48515497210741,-405.92925081728384,10.829021799134614,199.63107827221222,426.7837416115622
2766,18.870502958058374,-195.80929291334496,38.29433364716274,49.95981029571854,-403.654197315108,24.25491203350126,200.41567007860274,420.5944794378183
2767,18.743067692196828,-196.91676386971682,38.54179082582831,37.411607169992685,-401.7124496642492,37.387977007900574,201.5433919167591,415.9628160998876
2768,18.664448902774343,-198.34216512119608,38.68124060886864,27.13890727337254,-400.1494272065809,50.18476009381252,202.9710103273163,412.9687852495027
2769,18.642072306068354,-200.03619290191523,38.71035504969695,19.38140219535477,-398.9936906315868,62.602999621083384,204.65037583399595,411.6506752910556
2770,18.68222744904261,-201.9452397654556,38.628784494677895,14.314941880131215,-398.25551834046763,74.60144004080614,206.52938173064192,412.0036640160751
2771,18.789933626798057,-204.01245530241755,38.43819378039035,12.047619458372763,-397.92585047250253,86.13974615297298,208.5529930387259,413.97928972255073
2772,18.968802427444864,-206.17887023055425,38.142271009828825,12.617208199791497,-397.97566246257986,97.17853545608031,210.66433229258547,417.4858009907069
2773,19.220903573828352,-208.38456890473276,37.746707300896105,15.990040881888406,-398.35582525135584,107.6795381342436,212.80580805346318,422.3894188190542
2774,19.546642262581937,-210.56989407781526,37.259145429163986,22.06141114692669,-398.9975010842388,117.60588694501861,214.92027091483953,428.5165330405095
2775,19.9446572485297,-212.6766661296431,36.689094847662794,30.65755928114822,-399.8131120187668,126.92253093584314,216.9521801775498,435.6568396882748
2776,20.411749454397498,-214.64939711367452,36.04781032786806,41.53928064537278,-400.6979025277893,135.5967583651268,218.84876251260724,443.5674071179111
2777,20.942850838347724,-216.43647807154557,35.34813162974936,54.407163298438014,-401.5320979020121,143.59880629407894,220.56114204311712,451.9776363227675
2778,21.531042549371225,-217.99131624798812,34.60428233380883,68.90842187638255,-402.18363701857123,150.9025277459877,222.04541950168203,460.5950555791193
2779,22.16763000472844,-219.2733970836367,33.83162741736481,84.64524744615463,-402.5114323838081,157.48608261375915,223.2636764719839,469.1118621869351
2780,22.84228040026811,-220.24924421445354,33.04639137189715,101.18453845105867,-402.3690832146284,163.33261596188666,224.1848792555829,477.21209532567514
2781,23.54322534165251,-220.89324950858565,32.26534135928925,118.06881795646665,-401.6089397903867,168.43088715274655,224.78565590502987,484.5792942716706
2782,24.257527951910777,-221.1883450307196,31.50544259480835,134.8280809878182,-400.0863909272284,172.77581529045793,225.05091994471715,490.9044658883473
2783,24.971410236244246,-221.12649026151917,30.78349541176666,150.99225841531663,-397.6642235530969,176.36891059490577,224.97431571797068,495.89415581581824
2784,25.67063285940156,-220.70895110008647,30.11576512461034,166.10393710102392,-394.21688700808016,179.21856701591446,224.5584633241127,499.278392078863
2785,26.340915956354316,-219.9463520504757,29.517616845852718,179.73094579804766,-389.63448779985174,181.3401979473161,223.81498567426854,500.8182520623253
2786,26.96838640923568,-218.85848934044932,29.00316787582618,191.47840626819746,-383.82634503772357,182.75620358183087,222.76430614433374,500.31279818339505
2787,27.540034602368365,-217.47390027551472,28.58497024541642,200.99985998820608,-376.72395296675836,183.4957649021892,221.43521243272866,497.60513696083854
2788,28.044162449500988,-215.82919249888505,28.27373551751141,208.00711097481533,-368.28322362357625,183.59446561352416,219.86419021320307,492.5873812124357
2789,28.47080472081657,-213.9681455050011,28.078113005317793,212.27847183147816,-358.4859171441395,183.09374969516838,218.09453855562452,485.20433439854986
2790,28.812107312312225,-211.94060526381915,28.004530944749355,213.66515994530616,-347.34020646836404,182.04022866293838,216.17528739572953,475.4557667438658
2791,29.062648705191112,-209.80120075326886,28.057107663342016,212.0956605556202,-334.88036361728206,180.48485873774737,214.15994512029204,463.39721083549017
2792,29.219693905773497,-207.60791813210568,28.237636462488616,207.5779496333784,-321.16559306876053,178.48201337803462,212.10511110482125,449.13926561085054
2793,29.283373176867492,-205.42057369649348,28.545644088145085,200.19954829593394,-306.2780714260769,176.0884805400269,210.0689932509303,432.8454577657668
2794,29.25678063732336,-203.2992302145145,28.97851870986562,190.1254577626399,-290.3202799535311,173.36241624775187,208.10987378876,414.7287647873448
2795,29.14599027575998,-201.302602592103,29.531699562714664,177.59409554582464,-273.4117370517358,170.36228642004247,206.2845677229788,395.04695076429897
2796,28.959989132830735,-199.48649829082592,30.198916992917074,162.9114158469826,-255.68525163081003,167.14582733788006,204.6469175226971,374.09690225723836
2797,28.710529364414132,-197.90233582133362,30.972468718377613,146.44344684527073,-237.2828264691663,163.76905175075214,203.2463653277456,352.20817518663034
2798,28.411902579800138,-196.59578123294006,31.843515908648726,128.60751267051845,-218.35134407967692,160.28532290692436,202.12664035271962,329.7359744862502
2799,28.080641267273137,-195.60553796540182,32.80238155090837,109.8624275510237,-199.03816727840731,156.74451352730713,201.32459453572375,307.0537869436899
2800,27.7351533518198,-194.96231989414176,33.83883381131834,90.69795424488534,-179.48678330867912,153.19226161008592,200.86921405552405,284.5458759716519
2801,27.395297040192112,-194.68803117939657,34.94233884262086,71.62380963154123,-159.83261472559317,149.6693303622417,200.78082848110273,262.59982761437146
2802,27.081904085485995,-194.79516999353143,36.102270561580895,53.1584793456213,-140.19911302970704,146.21107577867127,201.07053338252143,241.59931305782095
2803,26.816260405365117,-195.2864666508659,37.30806889949596,35.81807367630217,-120.69424281070756,142.8470226383742,201.7398364467636,221.91720737301773
2804,26.619553640495518,-196.15476031332773,38.549342390335255,20.10542279789274,-101.40745506103126,139.60054794415908,202.78053161584577,203.90917933660282
2805,26.51229786528659,-197.38311252409142,39.81591525648053,6.499575580392222,-82.40723807072318,136.4886697882439,204.17480064129546,187.90784376995092
2806,26.513746407539507,-198.94515059917404,41.09782305703671,-4.554162641161672,-63.73932243653383,133.52193886875054,205.89553693598322,174.21754580761086
2807,26.641304624762025,-200.80562956798082,42.38526423866775,-12.653538552638771,-45.42560273749635,130.70442911034218,207.90688282928684,163.109825564393
2808,26.909955335091343,-202.9211978906121,43.668517433869326,-17.44790179800683,-27.46382206704611,128.03382290675668,210.16496823299752,154.81959189452755
2809,27.331710113277218,-205.2413494042854,44.93783602833658,-18.64589678347793,-9.82804692612618,125.50158534367995,212.61883607510438,149.54201581757755
2810,27.915099673112096,-207.70954161154512,46.183332286721,-16.022189932292108,7.530060663839898,123.09322035003787,215.21153738558087,147.43013837145085
2811,28.664716124948335,-210.26445838016414,47.39486308386804,-9.423120984876478,24.67918914577479,120.7886000473308,217.88137648977664,148.5931747415326
2812,29.580819189246622,-212.8413934443077,48.56192807791563,1.2288369426979806,41.70558022437294,118.56235666126729,220.56328448931617,153.09548710939472
2813,30.659017615605016,-215.37372992016105,49.67358926590302,15.931921778494507,58.70955148158341,116.38432442357848,223.1902973125423,160.95619343069836
2814,31.89003613766727,-217.79449039199662,50.71841871034654,34.60333394968096,75.80142637416141,114.22001726705206,225.69511320971338,172.1493787116687
2815,33.25957717664542,-220.03793184329643,51.684479188653626,57.07897694011321,93.09698306478852,112.03112714908234,228.01170358070817,186.60487894710016
2816,34.74828505680129,-222.04115960901186,52.55934076184391,83.11473906232007,110.71255577569885,109.77602778179045,230.07695029151984,204.20961428525385
2817,36.3318187103226,-223.7457344290294,53.330134720514486,112.38933080382348,128.75994207599527,107.4102695733566,231.83228197942543,224.8094548204203
2818,37.981036823973064,-225.09924641316155,53.98364486510222,144.50864932203973,147.3412857996957,104.88705378462285,233.22528107753917,248.21160672491246
2819,39.662297211103834,-226.05682913239448,54.50643453961674,179.01159740805187,166.54411693367652,102.15767727011973,234.21123226533635,274.18750537895
2820,41.33786997098694,-226.58258606251988,54.88500645957396,215.37724246965064,186.43673536068445,99.17194368088748,234.754581772254,302.47619415305417
2821,42.96646184358052,-226.6509002775237,55.1059915410843,253.03316567568135,207.06412339993668,95.8785426944995,234.830275589861,332.7881533318424
2822,44.50384716908143,-226.24759678891894,55.15636290810642,291.3648257890039,228.44456158354308,92.22540568465178,234.4249434252057,364.8095267131109
2823,45.90359896472916,-225.37092552011097,55.02367189700075,329.725749017158,250.56710227976473,88.1600539323409,233.53789437600966,398.2066784739217
2824,47.11791166314181,-224.03233192147204,54.69630370434342,367.44835667073863,273.3900260901399,83.62996330344232,232.1818900044634,432.6310042223605
2825,48.0985049018412,-222.2569819799826,54.16375075741184,403.8552556628624,296.84036638564726,78.58297628278056,230.38366087128966,467.7239196906564
2826,48.797595472765735,-220.08400907428583,53.41690155227518,438.27083936778456,320.8145391563862,72.96779726187225,228.18413379238675,503.1219570494324
2827,49.16892227415801,-217.56645196729963,52.44834163976709,470.0330720065654,345.1800616895687,66.73460896745455,225.63833930676245,538.4619082929036
2828,49.168806940011656,-214.7708565552763,51.252662040062525,498.50535109039953,369.7782892832337,59.835846041216335,222.8149725122455,573.3859622342044
2829,48.757230783263665,-211.77651933907026,49.82676903861371,523.088352709073,394.42804951899245,52.227155566965415,219.79558612291964,607.5467819589085
2830,47.898906820326275,-208.67435846886195,48.17018821793805,543.2317594085848,418.93001287803014,43.8685638266805,216.67340284406905,640.6124614495427
2831,46.564324027680605,-205.5654088007637,46.285354651206276,558.4457495044456,443.07160931700207,34.725854357363936,213.55174507618247,672.2712850471696
2832,44.73073968992052,-202.55895029511225,44.177880240105225,568.312092773211,466.63228382984295,24.772145558965523,210.54209311091535,702.2361952833598
2833,42.38309474480036,-199.77029336329295,41.85678802420437,572.4946557371015,489.3888798671469,13.989637960142193,207.76179741040994,730.2488580407747
2834,39.51482641287563,-197.31825925225922,39.33470193721958,570.7490764725206,511.12094692210496,2.3714830203444652,205.3314850846464,756.0832032374112
2835,36.128552194058926,-195.32240720827724,36.62797925304003,562.931330383573,531.6157863320541,-10.076291872948573,203.3722143190991,779.5483175410958
2836,32.23659965152947,-193.9000723468744,33.75677222962655,549.0048804208604,550.6730757115887,-23.332882812840005,202.0024426788132,800.4905750633873
2837,27.86135736652911,-193.16328848352728,30.74500537463799,529.0460923356159,568.1089452120003,-37.36092626952704,201.3348855339688,818.794913171015
2838,23.03542406500734,-193.2156782631428,27.620255251519296,503.24760055689865,583.7594150919451,-52.10493548246314,201.47334887908414,834.3851923656791
2839,17.801535281777372,-194.14939845205862,24.413520845730623,471.91933394391566,597.483140593998,-67.49006283191248,202.50962621850732,847.2236188130952
2840,12.212250238368863,-196.0422311321824,21.15887471111553,435.4869519414023,609.1634439660439,-83.42129363158266,204.52055196210614,857.309251762511
2841,6.329386045398396,-198.95491174187453,17.892989339054818,394.4874985365199,618.7096428643879,-99.78316912164613,207.56530408093155,864.6756621085055
2842,0.2231919546710419,-202.92878221101685,14.65454016375613,349.5621520663526,626.0577086681214,-116.44012128539305,211.68304652435583,869.3878499755474
2843,-6.028736821176392,-207.98385139394148,11.48349611384696,301.4460322684654,631.1703073922322,-133.23747912002833,216.89099658134887,871.5385667260675
2844,-12.342798208391086,-214.1173352791105,8.420319319576171,250.95512086303606,634.0362901361531,-150.0031756754972,223.18299330869095,871.2442187132914
2845,-18.63095860803157,-221.3027362220914,5.505105617647218,198.97045571435314,634.6697097799532,-166.55014919327203,230.52863006597562,868.6405541598923
2846,-24.802537700210607,-229.4895045441271,2.776705098180223,146.41986630566046,633.1084464337058,-182.6793928856291,238.87299757888394,863.8783473049266
2847,-30.766165472130993,-238.60330848705564,0.2718657499559096,94.25762364159225,629.4125259767682,-198.1835699989956,248.13706493641175,857.1192914054986
2848,-36.43186394594763,-248.54692087919284,-1.975557520534903,43.442475086085565,623.6622131343507,-212.85107773662637,258.2187058890126,848.5322911085042
2849,-41.713196545253865,-259.20171381417936,-3.9352916238916773,-5.085379859197718,615.9559521243951,-226.47041890574565,268.99435804252204,838.290304409742
2850,-46.529419888661884,-270.42973669481654,-5.581204094239501,-50.42774559077615,606.4082146089826,-238.83472633845656,280.3212839897684,826.5678278305732
2851,-50.807566838987206,-282.0763382252903,-6.891715755693813,-91.75163599535838,595.147299404253,-249.74628326375318,292.040386453025,813.5390520638693
2852,-54.4843866122622,-293.97327898287034,-7.850063086832348,-128.3115111428895,582.3131153864525,-259.0208922839664,303.97951390975203,799.376647696007
2853,-57.5080681242874,-305.9422675414087,-8.444417389104698,-159.4698127124225,568.0549717596941,-266.4919644726018,315.9571785272807,784.2510800316517
2854,-59.83967665775623,-317.79883948215974,-8.66787755983375,-184.7150781049992,552.5293994402972,-272.0142255312976,327.7865943719703,768.33030507411
2855,-61.454241269012584,-329.35648522201984,-8.518360939565591,-203.67695543758117,535.8980325409136,-275.4669646973405,339.27993106188444,751.7796698462856
2856,-62.34144095101228,-340.430920135664,-7.998421830231333,-216.13751628509897,518.3255873519315,-276.7567809822861,350.25266702747,734.7618324094456
2857,-62.505851296972374,-350.8443800797496,-7.115029208333581,-222.0383706926293,499.9779850693989,-275.81980750644124,360.52791842168915,717.4365316006412
2858,-61.96673009034389,-360.4298183885328,-5.879333469210447,-221.48322775311397,481.02067114845437,-272.6234158530762,369.94061563314864,699.9600731636945
2859,-60.75733946731905,-369.0348776560804,-4.306446845192226,-214.73571061045874,461.6171863336007,-267.16741673819797,378.3414001041577,682.4844547614248
2860,-58.92382328304503,-376.52551166009863,-2.415253897991044,-202.2124202501065,441.9280407597254,-259.48477970961,385.6001200040811,665.1561219901479
2861,-56.52367994095636,-382.78913980682074,-0.22825782976462164,-184.47143798120794,422.10993251618004,-249.64189257314516,391.60881410088734,648.1144226044922
2862,-53.62389185696544,-387.73722851668487,2.2285436078619623,-162.1966486260129,402.31533537245065,-237.73837118318102,396.2840885278352,631.489894717915
2863,-50.298791358122685,-391.30721096976373,4.925770273351663,-136.17843895698624,382.69245624198635,-223.9064136758073,399.5688105832856,615.4025722638689
2864,-46.62775728933945,-393.46367838328354,7.830786297803573,-107.29146318159003,363.38553095883793,-208.30967312995912,401.4330666853623,599.9605046705819
2865,-42.69284490928532,-394.19880194474075,10.907872142783281,-76.4702583883196,344.5353886363653,-191.1416033308408,401.8743574255999,585.2586625144619
2866,-38.576452355244946,-393.53197359450144,14.118472589905938,-44.68353481464699,326.2801750859428,-172.62321878578598,400.9170303859322,571.378343594445
2867,-34.359120007682876,-391.5086844560043,17.421546543229795,-12.907963555841867,308.7560917468571,-153.0002068381624,398.61097979857146,558.3871207033468
2868,-30.117545979344317,-388.19868990819003,20.774036500135523,17.897751662317905,292.09798545358194,-132.5393392485237,395.0296697441443,546.3393016203139
2869,-25.922883942089957,-383.69353801844386,24.131465057202906,46.81778952742266,276.4396207661328,-111.52415336615294,390.2675626676652,535.2768161997803
2870,-21.839370624283333,-378.1035614510185,27.448653814671623,73.00245203267728,261.9134818824223,-90.24990779948247,384.4370558493467,525.2304095332003
2871,-17.92331092214085,-371.55445077434405,30.680547766934904,95.689141726328,248.64998414652808,-69.01786227714386,377.6650438731534,516.2210029534258
2872,-14.222429489258843,-364.18353883375363,33.78311721215748,114.22055797670683,236.7760230737928,-48.12898347650363,370.0892346152569,508.2610829078526
2873,-10.77557957474132,-356.1359316093009,36.7143007944003,128.0596696779463,226.4128478064646,-27.87723426987023,361.85434993542736,501.3559882621394
2874,-7.612783566108308,-347.5606209649673,39.434948462212006,136.8011041817875,217.67331129941797,-8.542658088115095,353.10834040374357,495.50498698332063
2875,-4.7555660125935235,-338.6067092314815,41.90972214251291,140.17868758628998,210.65861576349673,9.6154831202734,343.99873645839295,490.70206158221714
2876,-2.217529546608513,-329.41986526160633,44.10791434707444,138.06898313128474,205.45473268188292,26.36522579200079,334.6692470775646,486.9363575352457
2877,-0.005117489650192338,-320.13911729340623,46.00414992987075,130.49080202942625,202.12872552220549,41.507770928264364,325.2567022704869,484.19228817194926
2878,1.8814958166377027,-310.8940704029289,47.57894298446693,117.6008003583607,200.72523409059016,54.88240230113501,315.8884182505824,482.44933036789536
2879,3.447444844142351,-301.8026160833809,48.819088779632395,99.68541901622628,201.263387754132,66.37019101365189,306.68004463662896,481.68158377258254
2880,4.702196322163533,-292.96917912916814,49.71787919053095,77.14956119313791,203.73439823932986,75.89627399637328,297.7339319889627,481.85719703328385
2881,5.658602779676387,-284.4835232931462,50.27513883263251,50.50252224630834,208.10004207581093,83.43056542799616,289.1380360808894,482.93778193217327
2882,6.332024244695797,-276.42011305255926,50.49708750234608,20.341779589716786,214.2921817097282,88.98684455656866,280.9653532515138,484.87793594151276
2883,6.739547185091619,-268.8380053380164,50.39604196885256,-12.664693439162903,222.21339905616227,92.62025473278655,273.2738597930444,487.62497380458956
2884,6.899320950342383,-261.78122356434443,49.98997614782669,-47.79691082354363,231.7387335833513,94.42333972251488,266.10690865981064,491.11893240130973
2885,6.8300236806482975,-255.27954824008393,49.30196289117158,-84.3015021397044,242.71843738035415,94.52082752822251,259.49402016345266,495.2928680555328
2886,6.5504619371114226,-249.34964506869306,48.35952283013659,-121.40989813142666,254.9815902357312,93.06344241547953,253.4519908974544,500.0734216723145
2887,6.0793010915905805,-243.99644338323364,47.19390588318165,-158.35557985898652,268.3403654486515,90.22107685715851,247.9862375109922,505.3815937844929
2888,5.43491684485724,-239.21467495554808,45.839329484639855,-194.3900111643151,282.5947065649084,86.17568237427358,243.09228919127463,511.1336544578224
2889,4.635352351723858,-234.99048538193298,44.33219487236007,-228.79699583925589,297.53716815812675,81.11423965639017,238.75734463481996,517.2421135190718
2890,3.6983606292942754,-231.30303695738425,42.710299559112464,-260.9053192438539,312.95768854591034,75.22214447966034,234.96181560530854,523.6166922044758
2891,2.641508446536764,-228.12603260168916,41.01206104002059,-290.09963860052085,328.6480943754982,68.6773000559045,231.68078938854072,530.1652624848573
2892,1.4823158289387035,-225.42910403612683,39.275764267025515,-315.829668261354,344.4061798833355,61.645143763494694,228.8853556791132,536.7947478822729
2893,0.23840464604624065,-223.17902276503784,37.53884350245989,-337.6177605290551,360.0392504873,54.27476292296645,226.5437584274763,543.4120027096385
2894,-1.072369545410828,-221.34070820120365,35.83720771064868,-355.06500745286473,375.36706536162643,46.69617668618181,224.62234864467533,549.9247002864527
2895,-2.4318261739423153,-219.87802246544527,34.20461759514059,-367.85598646044303,390.22415275964386,39.01878510560317,223.08632908503915,556.2422623188322
2896,-3.82142922973136,-218.75435533684833,32.672121767612815,-375.762247873926,404.46150311787943,31.330917300069476,221.9002954647961,562.276851419303
2897,-5.2223334514008455,-217.9330151568386,31.26755930962935,-378.6446025647375,417.94766823036815,23.700352795721212,221.0285910564953,567.9444291167852
2898,-6.615516937552384,-217.37745188280203,30.015135934354216,-376.45422152561486,430.5693111816806,16.17564703588785,220.43550178182326,573.1658569180896
2899,-7.98200316910538,-217.05134650347827,28.935080665802495,-369.23251437806545,442.23126313366816,8.78806583780163,220.08532680339096,577.8679934533192
2900,-9.303168133572347,-216.9186062115585,28.04338906203627,-357.10971855292746,452.85615140124594,1.5539247124603606,219.9423645619534,581.984722171376
2901,-10.56112101554104,-216.94330693834414,27.351657432234248,-340.3021114998983,462.3836700305177,-5.522863829313175,219.97085604353785,585.4578363128956
2902,-11.739140251811516,-217.0896243925788,26.86701044193818,-319.1077591094349,470.7695701173087,-12.448211453380075,220.1349261021361,588.2377138978683
2903,-12.82214109339422,-217.32179209961782,26.592122263251344,-293.9007361502035,477.984452358281,-19.2353904081572,220.3985604334171,590.2837354209807
2904,-13.797146597362298,-217.6041204397935,26.52532923090712,-265.1237976417024,484.012447953838,-25.902797036482134,220.7256506795775,591.5644281556331
2905,-14.653731623396217,-217.90110442841143,26.660829990429917,-233.2795399245956,488.849874505445,-32.47201808122318,221.08013332495264,592.0573583737645
2906,-15.384409372918828,-218.17764003763486,26.98896756259308,-198.92016117738595,492.5039493469855,-38.96624113502902,221.42623971547346,591.7488299293007
2907,-15.984932599136329,-218.3993595284261,27.496586612880034,-162.63600640394816,494.9916325285138,-45.40902043175551,221.72886511447072,590.6334775767032
2908,-16.454486806108175,-218.53308607757134,28.167458131492744,-125.04315378523526,496.3386547110661,-51.82338451109052,221.9540547675979,588.7138594682574
2909,-16.79576001660207,-218.5473976146357,28.98276213664943,-86.77035994867781,496.5787615507076,-58.23125334082555,222.06959507867617,586.0001503436368
2910,-17.014882012845323,-218.4132799448068,29.921616619412614,-48.44572458285657,495.75317686650345,-64.65311873951588,222.04568874894053,582.5100131227703
2911,-17.121234145386577,-218.1048406703499,30.961638000591662,-10.683456053988749,493.9102545989674,-71.1079326424262,221.85568467159874,578.2686849322691
2912,-17.1271379706469,-217.6000488262251,32.07951560511676,25.92888109921349,491.10525826588764,-77.6131422061478,221.47682710955,573.309261802844
2913,-17.047436806756817,-216.88146103969342,33.251580954735,60.842276087339556,487.400180926252,-84.18480846344274,220.89098479236702,567.6731146286388
2914,-16.89898888628048,-215.93689371149122,34.454352584584186,93.55701402400919,482.8635026547432,-90.83774600452931,220.08531945670381,561.4103270085076
2915,-16.700094286682152,-214.7600022763306,35.66503862573424,123.6319722044858,477.5697788622541,-97.58562501087931,219.05285516734796,554.5800198820435
2916,-16.469880277692177,-213.35073287720707,36.86198230092127,150.69224835196067,471.59896242671726,-104.44098401223965,217.79291435612424,547.2504216607283
2917,-16.227671095519852,-211.71561833145557,38.02503948226178,174.43496160851916,465.03538491061363,-111.41511197747094,216.31139345533416,539.4985562449307
2918,-15.992368358001983,-209.86789833539922,39.135882227974676,194.63313486164685,457.9663550516963,-118.51777160607621,214.62085951994936,531.4094528742143
2919,-15.781867287935436,-207.8274525949136,40.178227212363154,211.13763657610656,450.4803727193218,-125.75675151398784,212.7404584068039,523.0748268417008
2920,-15.612531587476399,-205.62054423330244,41.137992545035885,223.8772276482263,442.6649990737483,-133.1372525326717,210.69563406772343,514.5912326181227
2921,-15.498746338797762,-203.27937884462898,42.003390125265064,232.85681995873284,434.6044638852928,-140.66113124608927,208.51766667398692,506.05774420271854
2922,-15.452564022649739,-200.84149155142129,42.76496307881334,238.15410530636925,426.37712445769824,-148.3260406633435,206.24304420679522,497.5732655394249
2923,-15.483454023921492,-198.34898025611975,43.41557881262913,239.9147546456559,418.0529138877096,-156.1245222232416,203.91268767330487,489.2336120054075
2924,-15.598161084857152,-195.8476079783025,43.950387795388224,238.34641750500415,409.69092721573463,-164.04311418297075,201.5710542784182,481.12852927929697
2925,-15.800673227325,-193.3858007107847,44.36675651818265,233.71177012607004,401.3372915419984,-172.06154823749466,199.26514570114756,473.3388268094966
2926,-16.092294877022727,-191.01356942110579,44.664180601227564,226.3208682923441,393.02345115657954,-180.1521085417281,197.04344997930514,465.9337994754881
2927,-16.47181649661146,-188.78138553977436,44.84418131750757,216.523057027484,384.76497345560676,-188.27922484217902,194.95484538665164,458.96909398366466
2928,-16.93576813523687,-186.73903866247218,44.91018664623445,204.6986746732759,376.5609492852638,-196.3993638800451,193.0474933854311,452.4851483091554
2929,-17.47874102321168,-184.93450361447015,44.86739683764949,191.25076439680285,368.39402610951726,-204.46127042462217,191.36774572000317,446.50629614842114
2930,-18.09375879145953,-183.41284179227978,44.72263434684054,176.59697400406012,360.2310773628405,-212.40659134989426,189.9590883088222,441.0405872874259
2931,-18.772678295069028,-182.21515895476972,44.48417850190011,161.1617879911139,352.0244790204709,-220.17089369305546,188.86114189029553,436.08033230836776
2932,-19.506599611659073,-181.3776385350224,44.161586076411616,145.36919752196496,343.71393643001187,-227.6850619071853,188.1087364928155,431.603339082477
2933,-20.28626560820188,-180.93066642783245,43.76549999293327,129.6358781596297,335.22878170391505,-234.87703251616338,187.73107407056915,427.574771521984
2934,-21.10243331526679,-180.89806049336843,43.307449749862556,114.36491518035065,326.49064475168484,-241.67379856558597,187.75099148338884,423.94953010967134
2935,-21.946201917773934,-181.2964158895788,42.79964863224555,99.94009493171941,317.41638909563994,-248.0035941654295,188.18433450316917,420.6750302474639
2936,-22.80928517634142,-182.13457568854284,42.254793865654584,86.72076936436336,307.92119641018496,-253.79815317090714,189.03945244123193,417.694239278021
2937,-23.684219246582323,-183.41323485923448,41.68587616343893,75.03729915754359,297.921680652211,-258.9949270982287,190.31682199209646,414.9488262602996
2938,-24.56449993501679,-185.12468449003472,41.10600434930473,65.1870864099318,287.3389133237815,-263.5391463971702,192.008807783992,412.3822797150796
2939,-25.444646330977218,-187.25270195168997,40.528248841023384,57.431216681206784,276.1012458136451,-267.38561613721515,194.09956578146762,409.9428566575289
2940,-26.32019051616426,-189.77259144528668,39.9655049196116,51.991737328552,264.14682322281607,-270.50015127638625,196.56509403834445,407.5862401934599
2941,-27.18759572847298,-192.65137807753956,39.43037329830294,49.049599746857936,251.42569701976768,-272.8605766456788,199.37343348661193,405.2778017074766
2942,-28.044107972871394,-195.84815745063034,38.935052132572245,48.74328360967233,237.90146157452668,-274.4572408392705,202.48501977646208,402.9943862842657
2943,-28.88754865123556,-199.31460188657394,38.491231893838574,51.168099873805915,223.55236207958652,-275.2930194701294,205.85318591012208,400.72556562954594
2944,-29.716058302968282,-202.99562377479484,38.109982970454816,56.37613705104501,208.37184814410264,-275.3828099827078,209.42481458062238,398.47433027178033
2945,-30.527803874847795,-206.830195918632,37.80162577228284,64.37677552675979,192.36857734071359,-274.7525457825161,213.14113857402089,396.2572202478459
2946,-31.320663847620764,-210.7523278461084,37.575574639290814,75.13765308431242,175.56590422200762,-273.4377802530013,216.93868702552444,394.1039177424653
2947,-32.09190683564605,-214.69219553440524,37.44014994305915,88.58592818484676,158.00092006302702,-271.4819098684677,220.75037441717387,392.0563428556229
2948,-32.837879814616926,-218.57741969734928,37.402357075738074,104.60966327304942,139.72313369803345,-268.9341191448832,224.5067277138064,390.16730264931266
2949,-33.553721802357316,-222.33448460068453,37.46763588972163,123.05914504361509,120.79290136604152,-265.84713830084513,228.13724470328376,388.4987445926927
2950,-34.23311750260736,-225.89028510454222,37.63958884451747,143.74797689061654,101.27972136610961,-262.2749075161318,231.57187307103405,387.1196627142116
2951,-34.86810313007521,-229.17378402596393,37.91970004645128,166.4538223478344,81.26050683619404,-258.27024032381553,234.74259462786404,386.1037047241448
2952,-35.448933597588685,-232.11775488307396,38.30706013367021,190.91874523468323,60.81793794265831,-253.88257397776002,237.58509230724192,385.5265371466666
2953,-35.96401691050345,-234.66057683214498,38.798113320665955,216.849176780623,40.03897522319109,-249.15588759651905,240.04046928614648,385.46304576121275
2954,-36.39991855621965,-236.7480396000401,39.38644284707446,243.915633470776,19.01359123275735,-244.12686009846877,242.05698040366747,385.9844782967344
2955,-36.74143637287553,-238.33510719612974,40.06260984406516,271.7524010168522,-2.166249746182276,-238.82332938870388,243.59172681417652,387.15566908021776
2956,-36.97174496398183,-239.3875811952209,40.81405871394739,299.95747827068243,-23.407362505471987,-233.26310146837065,244.61225664148012,389.032512651524
2957,-37.07260800843953,-239.88359855229805,41.62509995211258,328.09312923406776,-44.61588841549187,-227.4531427799786,245.0980084636529,391.659866702296
2958,-37.02465644879345,-239.814896283396,42.47697914715172,355.687412844751,-65.69767092969298,-221.389171564388,245.04153176849155,395.0700579548417
2959,-36.80773007663095,-239.18777677154284,43.348038682747124,382.23704381052136,-86.55853100812456,-215.0556456448698,244.44941984925399,399.2821359357615
2960,-36.401279094207375,-238.02371340448892,44.213976324111016,407.2118829386597,-107.10452841170051,-208.42612699988794,243.34289635477882,404.3019719732152
2961,-35.784820797153415,-236.35954659528986,45.048202307424994,430.0612662820951,-127.24230028814655,-201.46398993182814,241.75800672088502,410.1232402457988
2962,-34.938444895191004,-234.2472342857752,45.82229377216667,450.2222666291594,-146.8795640018277,-194.123430992204,239.74537934222514,416.7292506159424
2963,-33.8433593771502,-231.75313784612888,46.50654246398856,467.12984824631434,-165.92585641369126,-186.3507353848192,237.36953770034566,424.09553379209854
2964,-32.482467160377325,-228.95684289799183,47.07058867955967,480.228737505765,-184.2935575427392,-178.08575581495947,234.70776279103802,432.1930112013877
2965,-30.840961949553087,-225.949533951563,47.48413149157785,488.9866997955087,-201.899214437095,-169.26356473479132,231.84852403956543,440.99151849242054
2966,-28.90692990961018,-222.83196065377913,47.717702365401486,492.908798021412,-218.66514382473068,-159.8162485074558,228.88951526350684,450.4633985380204
2967,-26.67194217505788,-219.71205074288355,47.743486258578834,491.5521192086267,-234.52125336998543,-149.67482096682943,225.93534899936793,460.58684455854814
2968,-24.131621975822284,-216.70223964738966,47.5361711246733,484.54039928964085,-249.4069854692285,-138.77124295937134,223.09497680238542,471.348663583412
2969,-21.28616928580487,-213.91659849470193,47.07380347222437,471.5779547067899,-263.2732588129485,-127.04054245366142,220.4789144005389,482.7461493507757
2970,-18.140825515438515,-211.46785066847417,46.3386243653735,452.4623421304468,-276.0842649768148,-114.42303541646378,218.1963584147207,494.78780252752455
2971,-14.706260986931257,-209.46437164072148,45.31785718530858,427.0952107182597,-287.81897222166225,-100.86664970604384,216.3522854474133,507.49271164965023
2972,-10.998868679982092,-208.00726751263215,44.004415929196824,395.4908792153843,-298.4721969492159,-86.32935181780715,215.04462463785822,520.8885043359298
2973,-7.040948835239357,-207.187624734423,42.39750122844548,357.78225600980454,-308.05512379575833,-70.78166898133402,214.36159154173518,535.0078871436993
2974,-2.8607703708011982,-207.08401719396423,40.50305114431238,314.2238168642322,-316.59518585431596,-54.20928694143469,214.3792648869567,549.8839050202791
2975,1.507503205723346,-207.76034755896228,38.33401580940931,265.19145561984175,-324.1352539306729,-36.6156873208722,215.15947888363408,565.5441586704866
2976,6.024033477386925,-209.26408766176968,35.91042965297533,211.17912191925868,-330.7321247592505,-18.02476870662663,216.74809274561653,582.0043121445442
2977,10.643679680273545,-211.62496821499863,33.25926216322972,152.7922529216104,-336.4543397626924,1.5166260667365172,219.1736862620103,599.2612971731756
2978,15.316528014057436,-214.85415191036228,30.414037127188685,90.73809116581268,-341.379406087987,21.936375591028945,222.4467160153689,617.2866712546084
2979,19.988577346313793,-218.94390685464305,27.414220204396706,25.813057877000094,-345.59052918455126,43.135057027636805,226.5591517037064,636.0206115079806
2980,24.602575838268667,-223.86778027103836,24.304385071572174,-41.11257945386615,-349.1730005487944,64.98436833843722,231.48459669592714,655.3670254693194
2981,29.09899729844982,-229.5812563484459,21.13317892818482,-109.11244376078947,-352.2104140685642,87.32613850534528,237.17888219916304,675.1902328811483
2982,33.41714037816915,-236.02286778484816,17.952118306168785,-177.22383110763624,-354.7809061824591,109.97207054202332,243.58111081324765,695.3136175384345
2983,37.496328588842744,-243.11571833306414,14.8142549416925,-244.46912840496364,-356.95362375003356,132.70435487981555,250.61511302884796,715.5205631547115
2984,41.27718469954744,-250.76936364293366,11.77275800282356,-309.8784041117816,-358.78561504906804,155.27727294259566,258.1912694781619,735.5578714177865
2985,44.702949302679755,-258.88199002736104,8.879462677959783,-372.5126585237147,-360.3193133940431,177.41988203153852,266.20864273142325,755.1417176457612
2986,47.720810247954184,-267.34282563648037,6.183435948541759,-431.48716795844064,-361.58074359875764,198.8398338430381,274.55735559204777,773.9660385807549
2987,50.28320746079443,-276.0347158687829,3.7296085768218434,-485.99430579080774,-362.5785352925801,219.22833164828953,283.1211484408731,791.713080073951
2988,52.34907662727014,-284.83679421572754,1.5575184397098656,-535.3251772132362,-363.3037795650832,238.266177299821,291.7800459965048,808.0656723056895
2989,53.88499540577801,-293.6271803894003,-0.2997950241897006,-578.8893699654767,-363.7307195405482,255.63080092026019,300.4130632990256,822.7206576708852
2990,54.86619704357436,-302.28563890813393,-1.8167116506657977,-616.2321071805326,-363.8182221449609,271.0041059139533,308.90088120585153,835.4027807051926
2991,55.27741826165763,-310.69613306654554,-2.9757395288852817,-647.0480982598594,-363.51193834629726,284.08090314714724,317.1284229234086,845.8782688480618
2992,55.11355083916204,-318.7492114737513,-3.76799153674815,-671.1914263432575,-362.74702495715826,294.577655017435,324.9872651115492,853.96729568584
2993,54.38006951437227,-326.3441674018211,-4.193415508737857,-688.6808924542767,-361.45127669984737,302.24120750015317,332.3778201598961,859.5545320124099
2994,53.0932128954028,-333.3909155384886,-4.260771019523435,-699.7003606129659,-359.54850671642123,306.8571607098625,339.2112308550526,862.5970595489175
2995,51.27989939472323,-339.81153705612184,-3.987353111649374,-704.5938155522546,-356.96201926856975,308.2575195069279,345.41092553566335,863.1290481749228
2996,48.97736696754836,-345.5414528233665,-3.398471235662124,-703.8550512156454,-353.618039035997,306.32727691661177,350.9137915924456,861.262775195125
2997,46.23253356677234,-350.5301962800911,-2.5267001583919333,-698.1121451571747,-349.4489927862054,301.00961443209593,355.67093792965,857.1857836989709
2998,43.10108441156272,-354.7417714761144,-1.4109281934279272,-688.1071275915804,-344.396574390628,292.30945291164073,359.64803214921295,851.1542201402609
2999,39.64630189390443,-358.1545970357357,-0.09523595929156159,-674.6715059599619,-338.41455568543876,280.2951530023777,362.82521458630254,843.4826382439313
3000,35.93766357376943,-360.76105219088726,1.3723550167406509,-658.6985353255045,-331.4713272960212,265.09824147737953,365.19660758973254,834.530784539913
3001,32.04924266810951,-362.5666554573149,2.9412208292340067,-641.1133104532742,-323.5521618175983,246.911125770845,366.76945343134526,824.688068766121
3002,28.057953416921855,-363.58891916614806,4.559516606824541,-622.8418792604031,-314.66118674167865,225.98284910661218,367.56292709019766,814.3565535299009
3003,24.041690604075452,-363.8559333672806,6.175557287384399,-604.7806279890403,-304.82303960975463,202.61302824165412,367.6066803952761,803.9333632240869
3004,20.077418175438396,-363.4047403440117,7.739156250769265,-587.7671623665204,-294.08415852392676,177.14419993477182,366.939181421561,793.7934125240357
3005,16.23926602346785,-362.2795660452946,9.202883127421988,-572.5538106505207,-282.51364312897226,149.95287570156333,365.6059175700083,784.2732982646638
3006,12.596696182346578,-360.5299771686665,10.523205589760758,-559.7847153733569,-270.2036090875705,121.43966254334805,363.65753247023724,775.6570987302946
3007,9.212799504492706,-358.20903255636193,11.661484141716254,-549.9772774062332,-257.2689556802459,92.01884630900557,361.14796593088204,768.1646960187251
3008,6.142781127046064,-355.3714952524487,12.584793959994602,-543.5084875267318,-243.84647269991694,62.10785154431101,358.13266297500405,761.943092386598
3009,3.4326877047265736,-352.0721672222759,13.266553741871997,-540.6064452372138,-230.09322945152752,32.1169860462676,354.66691285953266,757.0610391523463
3010,1.1184216739405684,-348.36440243943645,13.686948214509362,-541.347137501684,-216.18421475884247,2.439850708999253,350.8043720841718,753.5071433045306
3011,-0.774922116243488,-344.2988458437179,13.833138415988556,-545.6563425366426,-202.30923089731527,-26.555251607657283,346.5958168996652,751.1914679240543
3012,-2.2333740793134496,-339.9224356974629,13.699262004382133,-553.3163426015971,-188.66908387619148,-54.532636315383584,342.08816093418204,749.9505026496159
3013,-3.2540523050492887,-335.27769537727494,13.286234317446086,-563.9769778639128,-175.47115428506117,-81.1950865364491,337.3237625173524,749.5552532253545
3014,-3.8447750012979345,-330.4023280249388,12.601368907667077,-577.1704511526609,-162.92447339549818,-106.28810896742807,332.3400343624771,749.7220866484045
3015,-4.023343260468248,-325.32911427494776,11.657842941736023,-592.3291997437757,-151.23446485314824,-129.60255099645485,327.16935580257723,750.1258714982887
3016,-3.816528477861385,-320.0861001100482,10.474037631015594,-608.8060840607064,-140.5975401353391,-150.97560779759354,321.8392752044126,750.4148724953261
3017,-3.2588106963380716,-314.6970494358705,9.072786638121006,-625.8961036135242,-131.19575379588335,-170.2903148706341,316.37297803917596,750.2267956778927
3018,-2.3909231662110932,-309.18212483401436,7.480566343454016,-642.8588374392374,-123.19173104785574,-187.47367855530413,310.7899849511333,749.2053381198309
3019,-1.2582640862223695,-303.55875063980426,5.726661182404555,-658.9408198544911,-116.72407498898605,-202.49364265129032,305.1070345683718,747.0165766116322
3020,0.09076106638570043,-297.84260527382406,3.842335175278541,-673.3971025732197,-111.90344411950139,-215.35512209105798,299.3390981166397,743.3645358130262
3021,1.6064035771054117,-292.0486847667197,1.8600374322866553,-685.5113208319286,-108.80946385554577,-226.09535363858524,293.5004673741677,738.005309837864
3022,3.239181633632602,-286.1923768001987,-0.18733495971985645,-694.6136728426952,-107.48860023842815,-234.77881836931977,287.60585439009793,730.759172464362
3023,4.941381188709652,-280.29048453383626,-2.267098310273284,-700.0963359716931,-107.9530821192023,-241.49198161560486,281.6714409433361,721.5201987262352
3024,6.668398952575255,-274.3621421295739,-4.347354872749308,-701.4259750666823,-110.18091211184762,-246.338074468589,275.71581811563163,710.2630309083942
3025,8.379887242699754,-268.42956921897587,-6.397468658273297,-698.1531421337122,-114.116959090247,-249.43210904078265,269.7607616077997,697.0465491925945
3026,10.040669863117905,-262.5186194022675,-8.388441563436372,-689.9185145632014,-119.67507867979685,-250.89628056843554,263.8317963639314,682.0143439821543
3027,11.621408303757875,-256.6590878359362,-10.293191557989164,-676.4560631668365,-126.74116582156857,-250.85586672900743,257.95851428407644,665.3920250583883
3028,13.099007887746636,-250.88475449644977,-12.0867391379531,-657.5933733861161,-135.17700751463497,-249.43569206941274,252.17462071544907,647.4815340201652
3029,14.456763655333381,-245.23315219822123,-13.746312462420004,-633.2494558901237,-144.82477604490362,-246.75718660556538,246.51769838047557,628.6527435329799
3030,15.684255488211807,-239.74506135632157,-15.251385307977985,-603.4304702323797,-155.51198423558893,-242.93603507915932,241.02869084576318,609.3327235800584
3031,16.777011067948347,-234.46374628998137,-16.583664687675586,-568.2238425399041,-167.05671437882822,-238.0803885526201,235.75112097728407,589.9931265075145
3032,17.735963479353636,-229.4339599335017,-17.72704623824366,-527.7912823891153,-179.2729305986731,-232.28959325273217,230.7300723795827,571.1361863932805
3033,18.566737237304253,-224.7007545206326,-18.667555102907908,-482.36119430871634,-191.97568906547835,-225.653382042114,226.01097289262137,553.2798436502452
3034,19.27880188319373,-220.30814473425428,-19.393288127608276,-432.22093755843684,-204.98607029740677,-218.251470219541,221.6382283812614,536.9424949935072
3035,19.884535894312123,-216.29767681474206,-19.89437007354787,-377.7093185114302,-218.13567156524138,-210.15349801354574,217.65376214232043,522.6278367833543
3036,20.39824543637708,-212.70696202630026,-20.16293270975348,-319.20961007308864,-231.27051437131905,-201.4192657755255,214.09552011701018,510.810222970365
3037,20.8351824453215,-209.56823539254458,-20.193121573529762,-257.1432906755907,-244.254241790051,-192.09921340067467,210.99600445567017,501.92090463744654
3038,21.210604650239056,-206.9070005591282,-19.981131220900885,-191.96459057211453,-256.9705033593328,-182.23510205604862,208.38089768710438,496.335462895016
3039,21.53891652565146,-204.7408191402619,-19.52526611291873,-124.155833862453,-269.3244519023358,-171.86086313708722,206.26783693877567,494.36269542909986
3040,21.832924976850194,-203.07829820029977,-18.826021017779325,-54.2234780073533,-281.24330811997055,-161.00358575817106,204.665392607753,496.235172286079
3041,22.103237121137965,-201.9183228495955,-17.886172106836316,17.30531588546602,-292.67598587447617,-149.68461921616552,203.57229886432398,502.1016398183386
3042,22.357820207086824,-201.24957259698797,-16.710867934163144,89.88579487002892,-303.59181379892135,-137.9207699775588,202.9769747063813,512.0214227758639
3043,22.601735865891914,-201.05035043886764,-15.307708262675257,162.95864224076138,-313.9784356103581,-125.72557330474682,202.85736432128863,525.960951001543
3044,22.837052789258856,-201.2887429116105,-13.686798166863214,235.95315203691217,-323.8390186991527,-113.110617702537,203.1811144800038,543.7925146510672
3045,23.062933832722308,-201.9231176814862,-11.86076492340838,308.29075270443656,-333.18894314198394,-100.08689667437322,203.90609476488865,565.2953243448928
3046,23.27588578413612,-202.90295307792402,-9.844725910560603,379.38903614184767,-342.05217582121503,-86.666157997394,204.9812540000026,590.1589140854204
3047,23.47015304185447,-204.16998188157373,-7.656197151238391,448.66638896370006,-350.45755233155603,-72.8622170159505,206.34779391108955,617.9888709954298
3048,23.63823064258139,-205.65962019579078,-5.3149343182811,515.5472576838555,-358.43519017200117,-58.692198169223346,207.94062934991774,648.3148067972868
3049,23.771467753612097,-207.30264167675105,-2.8427010848255545,579.4680156391224,-366.01323995886247,-44.17766854201566,209.69009372439504,680.600406174684
3050,23.860729971637994,-209.02704791836555,-0.2629638236003434,639.8833425163789,-373.21514874601536,-29.345628666194333,211.52383876394512,714.2553050770715
3051,23.897087440374158,-210.7600774601632,2.399483191066325,696.2729807991008,-380.057564217065,-14.22932878900248,213.36886950053537,748.6484765704855
3052,23.872495742715486,-212.43028883471848,5.1189522451123395,748.1486984683461,-386.5489545612917,1.1311171021368869,215.15364843630954,783.1227396459633
3053,23.780437647266936,-213.96964763518682,7.869341103720232,795.0612634431059,-392.6889605491746,16.688342489552035,216.810197574256,817.0099608523548
3054,23.61649610158634,-215.31554437736872,10.624636896335897,836.607221662938,-398.46843788473024,32.38758267051028,218.2761239000291,849.6464907884412
3055,23.378832342247396,-216.41266966015655,13.35942280397198,872.4352669874346,-403.87009337122964,48.166784730338584,219.49649375355662,880.3883675967076
3056,23.068547440908553,-217.2146763410806,16.049364647073936,902.2519974531277,-408.86957180093884,63.9569797762417,220.42548491194594,908.6258279648862
3057,22.689910716486807,-217.68556540508732,18.67165585010863,925.8268694156916,-413.4368159295722,79.6829175163586,221.0277524281755,933.796693317729
3058,22.25044402163212,-217.8007428111421,21.20540268445995,942.9961888367328,-417.5375036366748,95.26395583407206,221.27945527186324,955.3982452342769
3059,21.7608569983867,-217.547708301415,23.631936753494834,953.6660163962686,-421.13436803749323,110.61518968421854,221.1689050876714,972.9972690064683
3060,21.234835092978138,-216.92635300368426,25.935047717644444,957.8139074848481,-424.18822975524034,125.64879470201103,220.69681498188467,986.2380250939646
3061,20.688689290195253,-215.94885948474877,28.10113550623975,955.4894552081254,-426.6586145776905,140.27555186734418,219.87614393934032,994.8480000720573
3062,20.14088371563721,-214.6392145303283,30.119286996749263,946.8136495071265,-428.5038894577697,154.40651098244513,218.7315499386047,998.6413845666201
3063,19.611463811802437,-213.0323602579162,31.981286721934556,931.9771042274241,-429.6809174313006,167.95474315676415,217.2984808387816,997.520317905667
3064,19.12141305865633,-211.17302235696957,33.6815740833713,911.237234052372,-430.14429837503855,180.83712652162092,215.6219456609058,991.4740209569208
3065,18.691969625512144,-209.1142647307378,35.21716050904326,884.9144844636094,-429.8453191302276,192.9761056279088,213.75501932832373,980.5760053656281
3066,18.34393554967774,-206.91582726692624,36.587518975915266,853.3877320404646,-428.7307770058961,204.30136393033297,211.75714093171194,964.9795975576566
3067,18.097009929526568,-204.64230768951205,37.79445557324532,817.088981949262,-426.7418614895578,214.75135068615964,209.6922690015903,944.9120500761946
3068,17.969174365972506,-202.36124938915336,38.84196883398875,776.4974961145111,-423.8132793943035,224.27460847473634,207.62695716153792,920.6675325209073
3069,17.976153936563254,-200.14119511615772,39.736098215886344,732.1334892672473,-419.8727903388422,232.8308551884002,205.62841036514797,892.5993005501678
3070,18.130970979995606,-198.0497622140527,40.484759265180195,684.5515292825207,-414.841285808897,240.39178442036234,203.7625766108437,861.1113343483297
3071,18.443602560121953,-196.15178962348375,41.097560370409525,634.3337711121247,-408.633500459581,246.94156006918888,202.09232267318964,826.6497178210477
3072,18.920746185683505,-194.50760099273333,41.585595047510154,582.083139428398,-401.1593934478989,252.47699373646856,200.6757358947164,789.6939976064887
3073,19.56569253710183,-193.17142237334318,41.96120446228568,528.4165548771172,-392.32618499333716,257.0074059933532,199.56458797811558,750.7487193436094
3074,20.378298858039393,-192.18998733931272,42.23770706666771,473.9582753353224,-382.0409833855594,260.55418385354614,198.8029911518195,710.3352915967524
3075,21.35505252851567,-191.60135693968272,42.429095233483466,419.33340038280056,-370.21389422775445,263.15005617273647,198.4262719480213,668.9842802923396
3076,22.489211274348506,-191.43397657922614,42.549702074079285,365.1615676574319,-356.76146995410545,264.8381159288112,198.460082927128,627.228193083496
3077,23.771004516833397,-191.70598656450673,42.61384482926066,312.05085602745226,-341.61033551082807,265.6706234252264,198.91976778008052,585.5947770449129
3078,25.187879572408622,-192.4247974648938,42.63545407490482,260.5919032467827,-324.7008162309814,265.70762747075497,199.80999012179632,544.6008261771109
3079,26.7247768066671,-193.586935472871,42.627700241872496,211.352244489011,-305.9903961298368,265.0154425810388,201.1246307816482,504.7464776924613
3080,28.364419275146638,-195.17815656654707,42.60263035368029,164.87088185837274,-285.45684817051546,263.66501943153503,202.84695240336612,466.5099675037839
3081,30.087604526807155,-197.17382159187798,42.57082817361513,121.65310247582727,-263.1009008420883,261.7302436474559,204.95002372139817,430.3428147277848
3082,31.873488850437855,-199.53951768914973,42.541109969678224,82.16557276783604,-238.948335198962,259.2861951521312,207.3973892333273,396.6654106845185
3083,33.699857154649074,-202.23190518551203,42.52026594484773,46.83174763919032,-213.05144021352044,256.40739726354667,210.14396354750602,365.8629974684234
3084,35.54337467544994,-205.1997634568656,42.51285442110453,16.027643377942795,-185.48978849493534,253.1660820164772,213.1371237963214,338.2820319749857
3085,37.37981953091903,-208.38520445910567,42.52105263860369,-9.921969832729314,-156.37032598506147,249.63049626754162,216.31796836467407,314.2269408843877
3086,39.1842976007116,-211.72501877828316,42.54456505289834,-30.74689816816508,-125.82679579975753,245.8632724270082,219.62270599798944,293.95727915574713
3087,40.931443195971596,-215.15211645247786,42.58058770020724,-46.23432443106637,-94.01853664207276,241.91988839254745,222.98413648326718,277.68530906277886
3088,42.59561041260626,-218.5970239095375,42.62382583032039,-56.23103721547351,-61.12870991233258,237.84724338899179,226.3331830048562,265.57401971466066
3089,44.15106086893797,-221.98939947351698,42.66656168870757,-60.645065077707784,-27.362017423928275,233.68237954234797,229.60043730274387,257.73560956907386
3090,45.572153726750955,-225.25953292955725,42.69876997500198,-59.4467125421051,7.058025140264304,229.45138240004727,232.7176818151276,254.23045726267694
3091,46.833543547094706,-228.33979906522467,42.70827979698279,-52.66901633210299,41.89219351899954,225.16849634792035,235.61935750998052,255.0666087220976
3092,47.91039073348239,-231.16604029552636,42.68098339288491,-40.40765984929228,76.88897427417172,220.8354921236627,238.24395142392913,260.1998095930318
3093,48.77858815483088,-233.67885899220985,42.60109302271035,-22.820398987203806,111.78823462954915,216.44132274250325,240.53528353975247,269.53410975259317
3094,49.415006102994795,-235.82480563224823,42.451447882718035,-0.1260606399759806,146.32507947583545,211.96210072413402,242.44367817213467,282.9230596767087
3095,49.79775616010064,-237.55745391364314,42.213872528214345,27.39682478753269,180.23383188964004,207.36142339122318,243.9270100687343,300.17150654301327
3096,49.906473001377655,-238.83835807580502,41.86958712295101,59.41170461485797,213.25207246131262,202.59106431542256,244.95161953780178,321.03798255485805
3097,49.72261176074246,-239.63789047521163,41.399667956895186,95.52596443646672,245.12467139758127,197.5920380374312,245.49309379886517,345.2376617417579
3098,49.22975738762121,-239.93595892110577,40.78555418076272,135.29315905052195,275.60774635707475,192.29603244106022,245.536913358782,372.4458475162288
3099,48.41394143991011,-239.7226035057437,40.00959377162415,178.21553599997839,304.4724789362022,186.62718920034942,245.0789626931896,402.301944049324
3100,47.263960983232586,-238.9984718934678,39.05561868607486,223.7469078580492,331.5087241751362,180.50419825182183,244.12590411007034,434.41386122049977
3101,45.77169366447283,-237.77517040365422,37.90953631453623,271.29596218528263,356.52835068054003,173.84265808766608,242.69541254481481,468.36280506316655
3102,43.932402533888386,-236.0754857561581,36.55992192339618,320.23012556387056,379.36825389090416,166.55764077515389,240.81626719622736,503.70841155644234
3103,41.74502372687572,-233.93346912551772,34.99859484340869,369.8801165092877,399.89299111135495,158.56639015869735,238.528293406363,539.9941889876815
3104,39.21242962297979,-231.39437049712475,33.221159793457694,419.5453287935387,417.99699325420767,149.7910750566395,235.88214529361795,576.7532406484644
3105,36.341659581536256,-228.51440776460623,31.227493950093915,468.50018066950093,433.6063136043609,140.16151764827396,232.93891685174927,613.5142434701966
3106,33.14410991329805,-225.36035207985324,29.02216018116653,516.0015467323371,446.6798775031702,129.61782119795814,229.76956701962465,649.8076580041196
3107,29.635674553476836,-222.00890905756285,26.61472726998711,561.2973583403437,457.2101983914962,118.11283021074642,226.45414298220038,685.1721399691189
3108,25.83682809411352,-218.54587486844326,24.019978997510854,603.6364162332259,465.223525847297,105.61436836030909,223.08078598871134,719.161112799511
3109,21.7726434220914,-215.0650474099673,21.25799568164556,642.2794054473602,470.77939161039103,92.10721270097326,219.7445056146523,751.3494439013198
3110,17.47273702637715,-211.6668760441269,18.35409432293256,676.5110379032176,473.96952208155267,77.59477440588545,216.54571202474082,781.3401447668975
3111,12.971135802235704,-208.45683919604514,15.338616964880531,705.6531727351302,474.91609222900195,62.10046480995139,213.58850171481427,808.7709873382616
3112,8.306059645667899,-205.54354765625607,12.246561076804866,729.0786804979307,473.7693072818942,45.66873010223012,210.97870059092068,833.3208972800446
3113,3.5196142551435217,-203.03658279785887,9.117050281001525,746.2257286116255,470.70431507431397,28.36573891029421,208.82167909195056,854.7159510175842
3114,-1.3426114140197443,-201.04409290826152,5.992648200694523,756.6120773987152,465.91747273700423,10.279705442804246,207.21996715556233,872.7347702463446
3115,-6.232048211842956,-199.67018693172838,2.918522643694762,759.8488958864623,459.622015804015,-8.479171579152096,206.27071169603278,887.2130789886043
3116,-11.097754387124768,-199.01218232097614,-0.058527691064751565,755.6535423818968,452.04320511531887,-27.779175773378203,206.06303519476242,898.0471693735973
3117,-15.887129641022808,-199.15778120457801,-2.89116560256401,743.8607156738028,443.41305651790015,-47.467967378907424,206.67536988738416,905.1960194671339
3118,-20.546734548704396,-200.18226500860524,-5.532700838640863,724.4313774427923,433.96478900239117,-67.37392417795638,208.17285621228098,908.6818260835039
3119,-25.023210163434744,-202.14581014968127,-7.938333995644366,697.4588820478817,423.92715625086566,-87.30794263138975,210.6049047438968,908.5887623832444
3120,-29.2642871709079,-205.09103489283086,-10.066415878469948,663.1718294714932,413.5188515227059,-107.06570351084217,214.00302613886763,905.0598457097738
3121,-33.219867127831485,-209.04088895713835,-11.879672492225078,621.9332791399038,402.9431930870213,-126.4303934497388,218.3790326435506,898.2919028254311
3122,-36.84315058081108,-213.99699243844012,-13.34634172833384,574.2361201715795,392.38330397888797,-145.17585823577343,223.72370701310442,888.5287405243078
3123,-40.091779088730874,-219.93851897456878,-14.441167371359352,520.6945770660175,381.9979930727854,-163.07014683566055,230.00602044926234,876.0527589660369
3124,-42.928951374838945,-226.8217001504727,-15.14619997990311,462.0320256726378,371.918522508978,-179.87938901805563,237.1729612759299,861.1753696484329
3125,-45.32446895597809,-234.5800048436872,-15.451362811207531,399.06548695003414,362.24640932121423,-195.3719359962023,245.15001211064651,844.226684557294
3126,-47.25566423923128,-243.12502002009418,-15.354753852531497,332.68733895782066,353.0523592552818,-209.32268421112872,253.84228711964943,825.5450123052716
3127,-48.70816436798585,-252.34803023012785,-14.86267082317209,263.84492542727526,344.37637329396273,-221.51749769650837,263.13631422235375,805.4667181811186
3128,-49.67644692768988,-262.12226354537,-13.989362773040291,193.51883110749583,336.22900861916514,-231.7576437705722,272.9024210611238,784.3169714634445
3129,-50.16414895421923,-272.3057434801803,-12.75652778313745,122.70063512628316,328.5937214552402,-239.86415858648746,282.99765910800846,762.4018180142826
3130,-50.184098547995816,-282.74466082216696,-11.192589884757917,52.37094531342211,321.4301734424839,-245.68206142091188,293.26917826981605,740.0018919851027
3131,-49.75804865866198,-293.2771572247799,-9.331798694016564,-16.52153521218068,314.6783476775731,-249.0843376564074,303.55794552637076,717.3679374019395
3132,-48.91610502041791,-303.73739468804445,-7.21320172592798,-83.07924456451757,308.2632953009902,-249.97560897971616,313.7026862329191,694.7181696268077
3133,-47.69585454671731,-313.95977240866546,-4.8795414696175134,-146.4727497398963,302.1003174313539,-248.29540513331003,323.5439165541165,672.2373848268152
3134,-46.141216354391624,-323.78314552577706,-2.3761270310552236,-205.95506310695646,296.1003790671713,-244.02094547251176,332.9279307721184,650.0776318496029
3135,-44.30105415139222,-333.05489929586173,0.25027592960836065,-260.87300377021415,290.175550384395,-237.1693323571941,341.7106081611283,628.3601978166868
3136,-42.227604638866666,-341.63473719751624,2.952501903660944,-310.6754589725482,284.2442759913316,-227.79905443876783,349.7609105470658,607.1786243325304
3137,-39.974790196133775,-349.3980523684329,5.683963526798201,-354.918533566371,278.2362831947289,-216.01069879614425,356.9639532892297,586.602461004937
3138,-37.59649372942994,-356.23876852927293,8.39953476764002,-393.26769612340837,272.0969547442379,-201.94677880696455,363.2235489659593,566.6814714617375
3139,-35.14487763136128,-362.0715587150456,11.056330977494689,-425.49713381001527,265.79100863106896,-185.79060076692718,368.4641440794029,547.4500288466451
3140,-32.66882638065498,-366.8333767827011,13.614383367168127,-451.48661161487166,259.3053472260767,-167.76411658475297,372.6320938834703,528.9314685142501
3141,-30.212583628784806,-370.48426636815583,16.037209769743633,-471.2161930999142,252.65096150032988,-148.12474154774463,375.6962478871297,511.1422021458972
3142,-27.81464110577651,-373.0074428310214,18.292286501571553,-484.75921876491327,245.86380473572433,-127.1611538574551,377.6478471165532,494.09543728435193
3143,-25.506920330192404,-374.40867362461194,20.351427629913147,-492.2739544268614,239.0045846550508,-105.18813459101965,378.4997619091393,477.8043868906186
3144,-23.31427073456913,-374.7150095332004,22.19107781137547,-493.9943167121885,232.15746277223462,-82.54055051794073,378.2851240070882,462.28489238087604
3145,-21.25429077064807,-373.9729419187078,23.792523371317724,-490.22005783389034,225.4276937182788,-59.56662475803129,377.0554276214704,447.5574182734983
3146,-19.337462839072884,-372.24607874521195,25.142024215950634,-481.30675013255785,218.93828367169309,-36.620678339768176,374.8781901808432,433.64840508491443
3147,-17.567579206285714,-369.612444497014,26.230867325701023,-467.65585604872393,212.82579363336455,-14.05555628232487,371.8342744661442,420.5909880876675
3148,-15.942424794173377,-366.1615163001423,27.055341573983572,-449.7051059393663,207.235457214099,7.785027562345689,368.014979915075,408.4251025418477
3149,-14.454673861235625,-361.99111087045964,27.61663378056487,-427.9193404272111,202.3158203549249,28.57398364406148,363.5190123561855,397.19700213703345
3150,-13.092950906644036,-357.2042347773724,27.920647247958033,-402.78191274969845,198.2131384756538,48.0079378070596,358.4494387530247,386.95821973560925
3151,-11.843001408433944,-351.9060045813961,27.977746209302524,-374.7866966662495,195.0657820072742,65.81369549012723,352.91072733863575,377.7640027341106
3152,-10.688915282544759,-346.200734459699,27.80243207534017,-344.4307119242373,192.99890202949427,81.75387991650108,347.0059645457861,369.6712641225497
3153,-9.614345469024887,-340.1892776942827,27.41295949140401,-312.20736407606165,192.11959279920447,95.63157928150501,340.83432906282786,362.7361074483305
3154,-8.603666056053031,-333.96669533846597,26.83090153874759,-278.60029714580804,192.5127577851773,107.29387782562183,334.48889061683667,357.01100915823844
3155,-7.643018883903622,-327.6203107005962,26.080673814652336,-244.07787174210273,194.23784274714168,116.63418861170747,328.0547869089907,352.5417717405285
3156,-6.721204430272591,-321.2281921013642,25.189026871238173,-209.08830090714068,197.32654745812957,123.5933493748254,321.60781663803135,349.3643897334022
3157,-5.830381559932979,-314.858088996311,24.184516040021983,-174.05549344192121,201.7815718317375,128.15948501504556,315.213470081426,347.5019910453314
3158,-4.9665508944616645,-308.5668286807188,23.09695728969468,-139.37566237908123,207.57639738597265,130.36667974215436,308.92640189785834,346.96202247297
3159,-4.1298075426262955,-302.40016325643694,21.956877414835642,-105.41474957172552,214.65605528870344,130.29253765489145,302.7903344315547,347.7338386074117
3160,-3.3243600713369714,-296.3930400948295,20.794966474098793,-72.50669417583036,222.93879065260165,128.05474198899512,296.8383644931051,349.7868296206606
3161,-2.5583231123784578,-290.5702542349638,19.641540150535313,-40.95253485177762,232.3185009218948,123.80674957367728,291.0936328285583,353.06919096716837
3162,-1.8433001776768225,-284.9474283802566,18.52601977973583,-11.020287610871062,242.66780456552473,117.73277703214383,285.5703035664747,357.50740261515693
3163,-1.1937807689118438,-279.532255616178,17.476438150119513,17.05450977917972,253.84158446677648,110.04224774714393,280.27479103393244,363.00645119512757
3164,-0.6263818718950472,-274.3259318086515,16.51897963362899,43.067742458448606,265.6808475114301,100.96387290844494,275.20716361029747,369.450797347189
3165,-0.15896884035980524,-269.32469902252666,15.677563511527907,66.84534280915484,278.01674679249544,90.73953634787888,270.3626489377554,376.70606304474035
3166,0.19030515613444782,-264.5214184777868,14.973479199026157,88.24180281703256,290.6746242100311,79.61814268423724,265.7331621051422,384.62138984113903
3167,0.4039984964915541,-259.9070919169835,14.4250810902188,107.13877971811682,303.47794746489603,67.84957368038737,261.3087787475353,393.03239899472214
3168,0.46637425283542644,-255.47225424528594,14.0475487205236,123.44397477323285,316.25203481838673,55.678881134135146,257.0790788158331,401.7646684691921
3169,0.36434116977974795,-251.20816828711423,13.852714959806411,137.09041806758756,328.82748191174306,43.34082833536768,253.0342944513062,410.6376297929543
3170,0.08829747695115424,-247.10776457010465,13.848961477561671,148.03622695995566,341.04322614034334,31.054877589950298,249.16620707987332,419.4687790173723
3171,-0.36716445787507546,-243.1662849299011,14.041177477129311,156.26482797798857,352.7492046861648,19.020708906462428,245.4687543024583,428.07808912418574
3172,-1.002729471126702,-239.38160772720508,14.43077527083619,161.78554981123534,363.80858169462584,7.414344125742875,241.93832575188173,436.29250428304766
3173,-1.8140364593557294,-235.75425333920717,15.015754922830087,164.63441858735965,374.0995375814356,-3.6150593852789474,238.5737476196297,443.9503878091456
3174,-2.7915808881558526,-232.28708960230063,15.790809994780384,164.87492614303045,383.5166282771866,-13.947691717875468,235.37597634065312,450.9057856341854
3175,-3.920851988707492,-228.98477620738439,16.747467438235518,162.59850630759985,391.9717336146549,-23.49480750861037,232.34754114522573,457.0323582374098
3176,-5.182701434640688,-225.85300326304895,17.87425678960954,157.9244489884665,399.39462174575226,-32.199646972127375,229.49179139668027,462.226831084156
3177,-6.5539276801184165,-222.89759152735007,19.156906597696306,150.9990088629251,405.7331609371941,-40.03754472007004,226.81201692672687,466.4118218673475
3178,-8.008048080841517,-220.12352962782091,20.578568707670104,141.99352262669345,410.95321252593686,-47.015226059367556,224.31051728016288,469.5379255449933
3179,-9.516220432082093,-217.5340263892289,22.120072899772474,131.1014304711889,415.0382405592534,-53.16930823887835,221.9876981984499,471.58497510578076
3180,-11.048267536887098,-215.1296538047859,23.760214999865962,118.5341954158698,417.98867552221293,-58.564043512542526,219.8412703803468,472.5624430745585
3181,-12.573753428203437,-212.9076483810669,25.476080927679106,104.51621803193424,419.82107144222493,-63.28836118408385,217.86561677880334,472.50899883598106
3182,-14.063058127776891,-210.86142625160295,27.243407527143113,89.27894291574967,420.56709653448195,-67.45228590024841,216.05138128464338,471.49128143070465
3183,-15.488399288847837,-208.9803516478792,29.036978789158237,73.05443658136518,420.27239603333254,-71.18282807254106,214.38531487966713,469.6019790162941
3184,-16.824753507754895,-207.24978040289682,30.831053445590943,56.06877578036364,418.9953609409821,-74.61945819376757,212.85039676538406,466.9573203224792
3185,-18.050637097495468,-205.6513816903694,32.599817041718964,38.53561511876695,416.80582803309414,-77.90928906766632,211.42622925489877,463.69408049424
3186,-19.148715088843876,-204.16372359386875,34.31784879926424,20.650301146414797,413.7837255498345,-81.20209817266982,210.08968780559906,459.96618868674625
3187,-20.106217394473983,-202.76309241416186,35.96059126895939,2.5848681412873127,410.0176672959699,-84.64532657821435,208.8157924631731,455.9410054541968
3188,-20.91515167313416,-201.42450260640513,37.504809140294356,-15.515807223184737,405.60348737884294,-88.37919132471959,207.57875478991704,451.79532210370695
3189,-21.572312849379575,-200.1228444274594,38.92902263313021,-33.5364929784521,400.64270034767515,-92.53204530624865,206.35314545361453,447.71112697633663
3190,-22.079099025705922,-198.83411003702594,40.213900761599405,-51.39262145393656,395.2408683862757,-97.21611273144582,205.11512225204737,443.871186727071
3191,-22.441152307220047,-197.53663589636753,41.342600686736525,-69.02982623385354,389.50585913771204,-102.52371936808615,203.8436563906056,440.4545026450064
3192,-22.667850515740835,-196.21229960829808,42.301041441225905,-86.42207150672783,383.545984728073,-108.52412506657635,202.5216960604826,437.63171953876537
3193,-22.77168157470952,-194.84761252141925,43.078103336729654,-103.56852789271954,377.4680240285399,-115.26105143710262,201.13721041316163,435.56058382263427
3194,-22.767536216523904,-193.43465508298377,43.66574804243437,-120.4894114401643,371.375145075114,-122.75097990614712,199.68406343965796,434.38156477422
3195,-22.67195646611166,-191.97180960071591,44.05905823954247,-137.22104551568285,365.36476144226884,-130.98227475850496,198.16267551523754,434.2137660889462
3196,-22.502377162115526,-190.46425432241946,44.256199455380965,-153.81042782151644,359.5263736434717,-139.9151626136211,196.58043997364106,435.1512623862538
3197,-22.27639583113576,-188.9241932143072,44.25830989862768,-170.30958759485156,353.9394625433902,-149.48257492656865,194.9518726834577,437.2599963072116
3198,-22.01110284784104,-187.3708071596239,44.06932681367844,-186.77000334146217,348.67151434766924,-159.5918346207638,193.298483906015,440.57536541180735
3199,-21.722499294941425,-185.82992397851262,43.69575996786866,-203.23732235885626,343.77626399335446,-170.12714288383765,191.64837321924819,445.10061330705514
3200,-21.42502453355528,-184.33341599887203,43.146424143830295,-219.74658364375495,339.2922440957124,-180.95279826755223,190.03555929157616,450.8061156781626
3201,-21.13120943389157,-182.9183442982428,42.43214273821054,-236.31809979449045,335.2417192259367,-191.91705808369164,188.49906617892017,457.62961935124616
3202,-20.85146472115226,-181.62587792763398,41.565433864838646,-252.9541054164863,331.6300704460764,-202.85653217376097,187.0817963654658,465.47745262209475
3203,-20.59400719521784,-180.50002440092413,40.56018916921709,-269.63623302146755,328.4456739804174,-213.6009819352821,185.8292280434712,474.2266805663006
3204,-20.364919939274618,-179.5862144281939,39.43135445079403,-286.3238354030166,325.6602927021854,-223.97838342468495,184.78798017805178,483.7281335490506
3205,-20.168336293168444,-178.92978902771446,38.19462047452338,-302.9531381003064,323.22997220605305,-233.82010270953296,184.00429353196495,493.8101946121562
3206,-20.00673158206731,-178.57444040857408,36.86613192874623,-319.4371782967869,321.0964070785077,-242.96602460254857,183.52247865934456,504.2831954529953
3207,-19.881301671772494,-178.56065913561596,35.4622220318497,-335.6664682888929,319.18871970363784,-251.26947274210013,183.38338262996785,514.9442442668053
3208,-19.792403726734637,-178.92423909218564,33.9991795367781,-351.51031291573645,317.42557512599456,-258.6017601905399,183.6229249087464,525.582293868817
3209,-19.7400322949583,-179.6948889245844,32.49305366029008,-366.8187106930206,315.7175421324358,-264.856216002152,184.27074965607127,535.9832562660223
3210,-19.72430293155239,-180.8949944189199,30.959500635161543,-381.42477630037047,313.96960343124096,-269.95154522546227,185.34903714028812,545.9349799998628
3211,-19.745915652267442,-182.53857101297064,29.413673081085506,-395.1476346395441,312.0837170096991,-273.8343979243179,186.871511318361,555.2319276300518
3212,-19.806571354373304,-184.63043958577052,27.87015032449498,-407.79575002514287,309.9613365630752,-276.4810470035048,188.84267416542968,563.6794200947564
3213,-19.909316121907818,-187.16565191751883,26.34290447968666,-419.1706641364465,307.5058108907891,-277.8981044669108,191.2572902380086,571.0973491574775
3214,-20.0587913848998,-190.12918495785019,24.84529395168142,-429.0711198140606,304.624599163465,-278.12224029894867,194.10013754921894,577.323295333569
3215,-20.261372257357223,-193.49591547693188,23.390073383007195,-437.2975426202228,301.23125897759553,-277.21890592841316,197.34603336801413,582.2150232334615
3216,-20.525181637247435,-197.23087889948,21.989407097406843,-443.656837981701,297.2471846087565,-275.28010316930414,200.960136080777,585.6523562248359
3217,-20.859973311214144,-201.28980817495486,20.654871884598382,-447.96744025739264,292.6030913889816,-272.42127739839793,204.898516737139,587.5384557522544
3218,-21.276883066530793,-205.6199405149225,19.397434719714727,-450.06452440268936,287.2402568092534,-268.7774483492141,209.10898641072362,587.8005469635905
3219,-21.788052591783853,-210.16107198294156,18.22739193131854,-449.8052650486129,281.11153870243294,-264.4987211907288,213.5321583011847,586.3901420221058
3220,-22.406136725289297,-214.84683269652817,17.154258526231434,-447.0740056349707,274.18219530508594,-259.7453426211601,218.1027170341147,583.2828168803302
3221,-23.143710241271243,-219.6061493146493,16.18659988497179,-441.78718469794387,266.4305313276893,-254.68248017145507,222.7508623765481,578.4775979970153
3222,-24.012595499141923,-224.36485687112344,15.331802769223286,-433.8978590885817,257.84838908231046,-249.4749072103244,227.40389084233217,571.9960141255606
3223,-25.02313651420584,-229.04741885739637,14.595788131858724,-423.39966476356705,248.44149529055474,-244.28177158037445,231.98787628539975,563.8808660184477
3224,-26.183448114538283,-233.5787125206848,13.98267390242709,-410.3300635843745,238.22966374063884,-239.25161359512376,236.42940922569977,554.1947642079103
3225,-27.498670778039013,-237.88583543402365,13.494401046812946,-394.77273769872875,227.24684303821581,-234.51778131524125,240.65735406865565,543.0184823352114
3226,-28.97026239383023,-241.89988946253092,13.130340372305646,-376.8590103858817,215.5409890409089,-230.1943698857258,244.6045834988441,530.4491714133493
3227,-30.595357397381818,-245.5576992545781,12.886900749520056,-356.76819297802416,203.1737347674241,-226.37278907759207,248.20965013683787,516.5984794229856
3228,-32.366221529360324,-248.80342419086662,12.75716181548377,-334.7267808772127,190.21982751241782,-223.11904008756517,251.41835696905807,501.5906205832357
3229,-34.269827216401964,-251.590025165829,12.730555844101323,-311.00644683994364,176.76630351000404,-220.47175959010306,254.18519000252894,485.56043855901174
3230,-36.28757067267087,-253.8805505300259,12.792624101750604,-285.92080578314886,162.91137417227407,-218.44106625014533,256.47457898456116,468.6515066299766
3231,-38.39514748751355,-255.64920886320817,12.924872326043817,-259.8209521306588,148.76300422670096,-217.00822256300484,258.26195475916836,451.01430487892287
3232,-40.562598765974066,-256.88219987869235,13.104747783184179,-233.0897987051741,134.43717082010468,-216.12610314074476,259.53457482917105,432.8045100126804
3233,-42.75453486429377,-257.57827874096574,13.305756718886858,-206.13527649641546,120.05580350265005,-215.72043957848535,260.2920920378766,414.18142824080104
3234,-44.93053843713683,-257.7490336560374,13.497736143707089,-179.38248845391257,105.74441705130403,-215.6917920381915,260.54684524259096,395.30659634111004
3235,-47.04574296874902,-257.4188620602301,13.647288062631304,-153.26494825682724,91.62946111530445,-215.91817903064816,260.32385573523817,376.3425707597438
3236,-49.05157742919619,-256.62463723497206,13.718377759135558,-128.21507607072337,77.83542174058095,-216.25828005440408,259.66051914580885,357.4519187981353
3237,-50.89666247214917,-255.41506462319626,13.673090900169758,-104.65416541901901,64.48171975308023,-216.55511137930566,258.6059895791364,338.7964185310422
3238,-52.52783884783364,-253.84973523493053,13.472537347020591,-82.98207501939785,51.679460255773684,-216.64006407514051,257.22026051879686,320.5364637809383
3239,-53.891304503357404,-251.99789191120632,13.077882847514939,-63.56693265720856,39.528097004242575,-216.33718626984904,255.57295520107556,302.8306564943294
3240,-54.9338332646522,-249.9369324276089,12.45148340143975,-46.73516095383802,28.11208599415562,-215.46758951707068,253.74184729914248,285.83555182009144
3241,-55.604045189264866,-247.7506810797872,11.558091217403318,-32.76214421247553,17.49761456864627,-213.85386268654102,251.81114051243682,269.70550325281596
3242,-55.85369678690764,-245.52746728612138,10.366096055157566,-21.863849760974617,7.729505381035451,-211.32438583220372,249.86954284172617,254.59253952159094
3243,-55.63895838594095,-243.35805579138767,8.848761691124801,-14.189696289305425,-1.171592388241819,-207.71745003071996,248.00817789008764,240.64619455390962
3244,-54.92164594008013,-241.33347816532927,6.985414646147599,-9.816926874423846,-9.211600561506947,-202.88510565819706,246.31838137326986,228.01320896157563
3245,-53.6703753903467,-239.5428192597907,4.762541446222548,-8.746697977107868,-16.424865920576458,-196.69667931340672,244.88943592420665,216.8370268138892
3246,-51.86160917917143,-238.07101486411875,2.1747514641115857,-10.902040715157414,-22.875335207696576,-189.0419170529864,243.8063009342459,207.25702427104312
3247,-49.48056662193215,-236.9967177397242,-0.7744355899528689,-16.127790755144616,-28.656919898665713,-179.83372750837685,243.14739629815756,199.4074251918371
3248,-46.521972659865725,-236.39028832589227,-4.072015557706558,-24.192522087486374,-33.89293230602021,-169.01051190816267,242.98249929180324,193.4158809204986
3249,-42.99062309388679,-236.31196360795548,-7.695173327804287,-34.79246156381156,-38.73449698494303,-156.538078322088,243.37081228670695,189.40171488496
3250,-38.90174861582042,-236.81025301406933,-11.61123306617794,-47.55730875361254,-43.357873403486735,-142.4111438464532,244.35925560513286,187.4738554268556
3251,-34.28116460892217,-237.92060399847958,-15.777907465224146,-62.05784178183207,-47.9606665507462,-126.65443049561408,245.98103467839852,187.72850119390807
3252,-29.16519860859367,-239.66437252735028,-20.143859405304962,-77.81515490636855,-52.75695010612967,-109.32335848415352,248.25452403348157,190.24658231372337
3253,-23.600392315828003,-242.04812544476067,-24.649578437340598,-94.31134591505666,-57.97137997905451,-90.50433529866052,251.18250281716286,195.09109785799947
3254,-17.64297992971167,-245.06329310985961,-29.22856171672704,-111.00144714700743,-63.832431851149,-70.31463178266802,254.75176787793694,202.30442565575154
3255,-11.35814920595444,-248.68618210712125,-33.80877518844255,-127.32636840776397,-70.56495150232966,-48.90182901430305,258.9331410814106,211.90571285677905
3256,-4.819096094512482,-252.8783494677174,-38.31435700967372,-142.7265894616382,-78.38225724189485,-26.442813904261847,263.68187770819605,223.88846201966658
3257,1.8941119722865383,-257.58733184693943,-42.66751254910887,-156.65630297574756,-87.47807551153029,-3.142298862809722,268.9384726518162,238.21842451849443
3258,8.695845328990794,-262.7477154968407,-46.790539772989305,-168.5976683931975,-98.01861991589708,20.76915750266141,274.62985082508686,254.83189822876136
3259,15.496372066926043,-268.2825255329085,-50.607916002365464,-178.07479957660146,-110.13513796726207,45.03764596897737,280.6709177864117,273.63450055443155
3260,22.20344476409038,-274.10490582119854,-54.04837230205024,-184.66708250559944,-123.91724761909302,69.38892681982699,286.96643634954984,294.50045672362575
3261,28.72398826000308,-280.1200538977429,-57.046880616373066,-188.02141135943415,-139.40736735494838,93.53197141397214,293.413185342366,317.2724163885149
3262,34.965861216464255,-286.22736891856937,-59.546481572925956,-187.8629462501796,-156.5965099646505,117.16300919728717,299.90234833531616,341.76179747321174
3263,40.83966246531553,-292.3227649966741,-61.499887515550796,-184.00403355817622,-175.42166228959334,139.97005003972845,306.3220735317295,367.749658162712
3264,46.260551052127184,-298.301097681695,-62.87080521443068,-176.35098600984887,-195.76491290841045,161.6378365060195,312.5601413769893,394.9881126978331
3265,51.15004638656295,-304.05864803366677,-63.63493507349196,-164.9084874704729,-217.4544198873924,181.85316431279196,318.5066739327033,423.2023265894451
3266,55.437772089352,-309.4956068007417,-63.78061768512815,-149.78145951788528,-240.26723552260773,200.31049209444578,324.05681953205436,452.09314314198525
3267,59.063104248829895,-314.51850035737056,-63.30911333788094,-131.1742971453356,-263.9339292967035,216.717744317315,329.1133471553688,481.34039852883274
3268,61.9766822824418,-319.0424998166703,-62.23451464876529,-109.38744565691951,-288.14487861094926,230.8021945889018,333.58908662662066,510.60697309865685
3269,64.14173885987672,-322.99355473725865,-60.58330615768682,-84.8113487304995,-312.55803274308425,242.3163015285389,337.4091526032747,539.5436018058144
3270,65.5352047593174,-326.3102930528102,-58.3935969084933,-57.9178497816574,-336.807901195298,251.04335640514208,340.51289225685065,567.7944294783441
3271,66.14854548773552,-328.94562953252324,-55.71406206336185,-29.24917807144418,-360.51547446562125,256.8027913672321,342.85549869152436,595.0032519478605
3272,65.98828933289266,-330.8680267697926,-52.60263672034827,0.5952985165484063,-383.2987541683256,259.45498991305135,344.4092349681521,620.820337553297
3273,65.07621137611713,-332.06235616218066,-49.125008969853575,30.97431646146803,-404.7835509924675,258.9054383490667,345.16421783991365,644.9096804452777
3274,63.44914492346057,-332.5303125004823,-45.352960155623116,61.22165431983659,-424.6142034936013,255.10805990785184,345.12871698561605,666.9565012321021
3275,61.15840092166617,-332.29034547388136,-41.362599165217134,90.66439228773307,-442.46387773295686,248.06758361671686,344.32893570498106,686.6747835435033
3276,58.268787407573804,-331.37708509047894,-37.23253542578009,118.64204205384215,-458.04412607264464,237.84081914518754,342.8082534144667,703.8146167475948
3277,54.857234966753396,-329.8402555416965,-33.04203309218065,144.52601343654567,-471.1134112218225,224.53673693970975,340.62592884379484,718.1691035397505
3278,51.01105021719219,-327.74309253049415,-28.869187287119118,167.73880501826645,-481.4843370190396,208.31528906599158,337.8552847130949,729.5805839867152
3279,46.82583657638253,-325.1603010682599,-24.78916223554465,187.77223834831457,-489.0293686733243,189.38494853046765,334.5814182098818,737.9459229665907
3280,42.40313859662478,-322.17561245815875,-20.872530358650632,204.20401104029315,-493.68487053137136,167.99899109696833,330.8985046814279,743.2206058976054
3281,37.847881318200244,-318.87901897255534,-17.183750325600435,216.71183608533778,-495.45333702860574,144.45059105316645,326.90678259565544,745.421391538274
3282,33.26568788043108,-315.3637813485445,-13.779820118492843,225.08447418803698,-494.4037406276765,119.06684820620653,322.70932448052014,744.6272873151835
3283,28.760166022526832,-311.72331684444237,-10.7091378701334,229.2290598273733,-490.6699684060285,92.20190507252052,318.40871031337866,740.9786508248719
3284,24.430256787394555,-308.04808367716464,-8.010598519759732,229.17427037236013,-484.4473669558301,64.22934881048482,314.103726275664,734.674287870049
3285,20.367737001869173,-304.4225807350766,-5.712948567770429,225.06908324836976,-475.98746473417935,35.53412053679684,309.88621272645474,725.9665137312109
3286,16.65496146038616,-300.92257909295375,-3.834414803346652,217.1770932221454,-465.59099310751304,6.504174349782142,305.83818055373905,715.1542631118498
3287,13.36292162246078,-297.61269385203366,-2.3826158994262103,205.86659887004504,-453.5993819884775,-22.477860903653205,302.0293048287304,702.5744606138231
3288,10.54968535928047,-294.54439150876806,-1.3547579768488185,191.59689079997747,-440.3849614248349,-51.042762700082335,298.51488949070296,688.5919794070327
3289,8.259267158781197,-291.75451018833905,-0.7381064629566642,174.90136349742423,-426.3401536792241,-78.84229255160251,295.3343775983789,673.5886043373541
3290,6.520960657939041,-289.26434863279434,-0.5107170794419678,156.36821347966165,-411.865987466971,-105.55604198636283,292.5104595734873,657.9514665218501
3291,5.3491460744199255,-287.07935591512125,-0.6423992953962171,136.6195725042146,-397.360303383888,-130.89734533863998,290.0488079012342,642.0614270640677
3292,4.743565035965187,-285.1894287311963,-1.0958769397883938,116.28995690595954,-383.206044169131,-154.61809276333187,287.9384420177374,626.281862936407
3293,4.690035767694324,-283.5697981151854,-1.828103707334162,96.00489885979435,-369.76003338654084,-176.512318199764,286.15270261289476,610.9482582474488
3294,5.1615640364888185,-282.182463721782,-2.7916866523610686,76.36057127514796,-357.3426402848314,-196.41848300944892,284.6507911972505,596.3589402337095
3295,6.119790908113601,-280.9781124580421,-3.9363687159995053,57.905134634620936,-346.2287062012485,-214.22042473193034,283.3798093895823,582.767230645036
3296,7.516708002651778,-279.8984400809685,-5.210521744910036,41.12243028327585,-336.64006810808434,-229.84698964043193,282.27721383882323,570.3752155472672
3297,9.296564673944587,-278.87877993892283,-6.562603957620772,26.418527846304023,-328.739957410359,-243.27041526852508,281.27358766965943,559.3292727528082
3298,11.397889026177747,-277.85093258060715,-7.942539862371746,14.111510064673176,-322.62947784304606,-254.50357272513455,280.2956182589823,549.7174372088582
3299,13.755545395752193,-276.746083763578,-9.302985618776882,4.424750064487931,-318.3462782763919,-263.5962165946622,279.2691644240955,541.5686310119628
3300,16.30275450360381,-275.49769685315573,-10.600448281606228,-2.5161936428846636,-315.86543953931687,-270.6304209464588,278.1222942183857,534.8537359187715
3301,18.973008746198033,-274.04426886603335,-11.796233042900795,-6.683068419682517,-315.1024956906899,-275.7154021193382,276.7881777182684,529.4884412661554
3302,21.701823835935873,-272.33184713682317,-12.857198460461671,-8.140936013711677,-315.9184167479343,-278.98194158141797,275.2077271587013,525.3377577466285
3303,24.428278790654602,-270.3162151080753,-13.756305764802635,-7.040951872909817,-318.1262984381947,-280.5766249426141,273.3318888870665,522.2220464173928
3304,27.096308464694946,-267.9646704459962,-14.472954715478693,-3.6102842063096032,-321.49944033212006,-280.6561063271737,271.1235072044666,519.9243722463541
3305,29.655725667340377,-265.257336111248,-14.993105105731637,1.8603535029256932,-325.78045001002937,-279.38159151570557,268.55869871430474,518.1989527628123
3306,32.062962657222755,-262.18796467057257,-15.30918979297037,9.030993076507082,-330.69098881189046,-276.9137098185607,265.6276966907331,516.78043597854
3307,34.281533727597505,-258.7642172503471,-15.419831943694874,17.52789232576253,-335.94177336148886,-273.4079153870255,262.3351473304308,515.3937092443816
3308,36.2822311898234,-255.0074200901172,-15.329385854413411,26.95952917432399,-341.2424639048878,-269.0105257953311,258.69986245361514,513.763914342911
3309,38.043076059142614,-250.95182259238834,-15.047326908810707,36.93242006760872,-346.3111019472553,-263.85547143941585,254.75405515061215,511.6263270079612
3310,39.54905209962517,-246.64340010740256,-14.587521429957063,47.06609635310576,-350.88280168866436,-258.06179555202715,250.5421050055748,508.73575514253054
3311,40.79165761667163,-242.13826151581955,-13.967410832955373,57.00663219279893,-354.71744848664713,-251.73191299268194,246.11891691293422,504.8751231922546
3312,41.76831349420735,-237.50073512739831,-13.207146251610368,66.43821270062571,-357.60620962599006,-244.9506075690943,241.5479512705631,499.86294278672864
3313,42.48166850032938,-232.80121591343737,-12.32870970532317,75.09235555686358,-359.37671530227146,-237.78472320322453,236.8990129202033,493.55942126786516
3314,42.93884391886813,-228.11386243788064,-11.355056077265967,82.75454387388413,-359.8968189040426,-230.2834841405492,232.24589145358297,485.8710260147604
3315,43.150659047574436,-223.51423309561523,-10.309306854392032,89.26818071031484,-359.07689412704923,-222.47936376814545,227.6639464769244,476.7533967956537
3316,43.13087677996304,-219.0769485366159,-9.214021865584954,94.53592384438706,-356.87067153213394,-214.38941053830254,223.22772823698492,466.21257297096435
3317,42.89550416627751,-214.8734607425414,-8.09056940823982,98.51859190108748,-353.2746587473953,-206.01693308073527,219.00871693387435,454.30457043217166
3318,42.46217662030581,-210.96999973975636,-6.958608583989009,101.23194092891578,-348.3262268420082,-197.35344489445663,215.07325371230758,441.1334003049512
3319,41.84964664442569,-207.4257572535057,-5.835690795908232,102.7416884843602,-342.1004807259477,-188.38077192730367,211.4807236535889,426.8476661467142
3320,41.07738908824721,-204.29135362882974,-4.736980638308738,103.1572078451225,-334.7060637229507,-179.07323341580204,208.2820370291671,411.6359094747857
3321,40.16532562789524,-201.60762083377526,-3.6750903669549926,102.62432859305984,-326.2800752280285,-169.39981678059488,205.5184404333012,395.72089724048766
3322,39.13366193823453,-199.40472098330835,-2.660017279610675,101.3176641919722,-316.9823046649688,-159.32628022129862,203.2206748943117,379.3530619471394
3323,38.002822458589456,-197.7016071744784,-1.6991699854998747,99.4328467626921,-306.9890036017457,-148.81713098013185,201.40848432325,362.803317548526
3324,36.79346024592293,-196.50582198399945,-0.7974677732979418,97.17898981268674,-296.48642960995176,-137.8374421409256,200.0904652535979,346.3554829425015
3325,35.526513791663085,-195.8136190330593,0.042503055036048676,94.77162799998999,-285.6643990868247,-126.35448557279526,199.2642381596795,330.29854933712943
3326,34.22327958468791,-195.61038468232394,0.8202912336549072,92.42630639299036,-274.7100806573779,-114.33917274301794,198.9169119865459,314.9190263667182
3327,32.90546919466427,-195.87133025187677,1.5373547379910124,90.35291729134589,-263.8022449011288,-101.7673082176233,199.02580708772112,300.49359222058956
3328,31.595222712309962,-196.56242024125555,2.196818886674607,88.75081686462914,-253.10615946783923,-88.62067213138299,199.55939764569612,287.28225313993465
3329,30.315055871007615,-197.64149883004578,2.803227937906505,87.80470154003862,-242.7692817636201,-74.88795678296421,200.4784326950581,275.52218694102214
3330,29.08772514434691,-199.05957529067885,3.362297779747771,87.68118810542661,-232.91785644864632,-60.56558761414505,201.73719469201765,265.422405786639
3331,27.936002656435168,-200.76222856916485,3.8806755255196923,88.52602250130616,-223.654475489947,-45.658459044012595,203.28485569200137,257.15932969188077
3332,26.882360127578337,-202.6910918699257,4.365710156515825,90.46183873059489,-215.05660861722046,-30.180610244038636,205.06689312832842,250.87331964483482
3333,25.948567817419693,-204.7853793003681,4.825236719559228,93.58639803193903,-207.1760657610504,-14.155855056566287,207.02652951844593,246.6661823498404
3334,25.155220277204787,-206.9834182606148,5.267375036458703,97.97125533013356,-200.03931371225315,2.381634918769059,209.10616290438136,244.5996300712427
3335,24.521205627659796,-209.22415323347474,5.700342559248319,103.66082073133126,-193.64853906532772,19.386812250112808,211.24875740908914,244.69465936564217
3336,24.06313904650081,-211.44858899625103,6.132279987847902,110.67180462837712,-187.98332952566417,36.80333516588017,213.39916605144407,246.9318005883839
3337,23.79478408360911,-213.6011440965903,6.571087556129599,118.99305273081218,-183.00283573060344,54.56329598138098,215.505360990963,251.2521840647847
3338,23.726487105288943,-215.63088865081485,7.024269590502575,128.58578988778748,-178.64827477349152,72.5871510365465,217.5195496218045,257.55936659562917
3339,23.864650520513422,-217.4926439592356,7.498785283659464,139.38429781911555,-174.84564292863303,90.7839073130954,219.39915825366094,265.7218614907549
3340,24.211269714361602,-219.1479249023461,8.00090471740479,151.29705164483528,-171.50851669953545,109.05161490087582,221.1076683708351,275.5763148274598
3341,24.763557156241692,-220.56570950391978,8.536070843744186,164.20833393920978,-168.5408363665093,127.27820275417756,222.61529361795118,286.9312686810526
3342,25.51367503037641,-221.72302343362696,9.108770063627947,177.9803339515497,-165.8395831274203,145.34267906680464,223.89948874156886,299.57144771655135
3343,26.44859478157838,-222.6053305615285,9.722415902206706,192.4557250744594,-163.29727858249834,163.11669865321906,224.94528468681906,313.26249846983814
3344,27.550098131772387,-223.20672391223874,10.379251778422532,207.46069734848768,-160.80425296479467,180.46647956587415,225.74544682952882,327.75610130287845
3345,28.794929611961354,-223.5299144649404,11.080279741439835,222.80840550311746,-158.25064564878838,197.2550313967234,226.30045588204777,342.79536436155155
3346,30.155105749556874,-223.58601822964923,11.82522209173159,238.30277808196882,-155.5281176980189,213.34463978210562,226.61831337304392,358.12039815376926
3347,31.59838090823031,-223.39414498438126,12.612521942294935,253.7426203019939,-152.53127126012564,228.59953680987002,226.71417585500785,373.473959862927
3348,33.088864437353095,-222.98079512306123,13.43938715304419,268.9259325137255,-149.15878434074412,242.88867623623557,226.6098242837235,388.6070492317249
3349,34.58777834415482,-222.37907435065648,14.301880065736558,283.65435698334875,-145.3142818998008,256.08852618417825,226.33297746794935,403.2843334069037
3350,36.054339357862176,-221.62773945590757,15.195053392928736,297.73765747559173,-140.90697540983166,268.08579046880465,225.91646110875797,417.2892767330377
3351,37.446744144711296,-220.77009201163048,16.113130445164952,310.9981281774075,-135.85211300221337,278.7799727346551,225.39724665326727,430.4288530451345
3352,38.72323159212099,-219.85274057583942,17.049725489512248,323.2748206994297,-130.07129085330328,288.08570482915457,224.81537694878392,442.53772233498205
3353,39.84319170574301,-218.92425583037206,17.998097596509812,334.42747060995,-123.4926829726873,295.93477167827905,224.2127985693097,453.4817605278622
3354,40.76828714099074,-218.03374709604003,18.951429220077785,344.3399990733469,-116.05125031489416,302.27777846031506,223.63212376617435,463.1608402722257
3355,41.46355105506074,-217.22939271388228,19.903119159898438,352.9234619051847,-107.68899043041948,307.08542086784945,223.11534825311122,471.51077193260966
3356,41.89842405687706,-216.5569607127559,20.847078416931616,360.1183191408447,-98.35528511025755,310.34933437049295,222.70255438006254,478.50432739143577
3357,42.04769378997463,-216.05835975540492,21.778016597851877,365.8959045516617,-88.00739517094878,312.08251241100794,222.43063252166243,484.1512851199115
3358,41.89230324107833,-215.77026320402757,22.691705824763897,370.2589878901453,-76.61113832274486,312.31929536317426,222.33205641066027,488.4974538700396
3359,41.419998105391095,-215.72285075936023,23.58520859243038,373.2413441900009,-64.14176798075046,311.1149411322257,222.4337502054019,491.6226550278568
3360,40.625789137953646,-215.93871198513773,24.457055892167784,374.906274850655,-50.58504863559322,308.54479423745147,222.75608577631172,493.6376709015184
3361,39.51221200583809,-216.43195379810925,25.307362485473327,375.3440644554841,-35.93849857478092,304.703073363374,223.31204767688075,494.6801984831846
3362,38.08937436375655,-217.2075495791958,26.1378677484923,374.66840444435593,-20.21274559327492,299.7012984010429,224.10660039215662,494.90988542820406
3363,36.374787353078894,-218.2609610208629,26.951893210192488,373.01186812552805,-3.4329183158882293,293.666377910335,225.1362877500192,494.5025662326004
3364,34.39298617320585,-219.5780553927064,27.75421175513425,370.5205783971418,14.36002291971089,286.7383778611455,226.38908797077534,493.64386006279364
3365,32.17495156635892,-221.1353309014591,28.550828186812602,367.3482664370541,33.10812427635839,279.06799353212733,227.844539914306,492.5223347314439
3366,29.75735073645389,-222.90045159655037,29.34867602237338,363.64997225531124,52.73555968012118,270.8137493639288,229.4741468500086,491.3224804745823
3367,27.181622049680705,-224.83308125087572,30.155240535495267,359.57568154323184,73.1481462889606,262.1389568685761,231.24205374828696,490.21776847480095
3368,24.492932548426126,-226.8859934112234,30.978122704035776,355.2642226199993,94.23335413026724,253.2084685937046,233.10598307592198,489.364088406472
3369,21.73904076740028,-229.0064230582182,31.824562464422737,350.8377577898108,115.86089050606101,244.18527656363764,235.0184029742177,488.89386314779154
3370,18.96909964320986,-231.13761470669314,32.7009422895679,346.3971915179334,137.88391311246062,235.22701620713786,236.9278911842896,488.911124968592
3371,16.2324354966875,-233.22051292618724,33.612293455494864,342.0187816565024,160.14089357487146,226.48245074992096,238.78064883046503,489.48780532384257
3372,13.57733904722153,-235.1955347544866,34.56182737755211,337.7521797462155,182.4581177192292,218.08802498121173,240.52211083727963,490.6614407065907
3373,11.049903050800113,-237.00435979715598,35.55051313917662,333.6200448196155,204.65277317817228,210.16458913431882,242.09859490749176,492.43443183218454
3374,8.692938454772573,-238.59167325873855,36.576720014690736,329.61927730581885,226.53654144124732,202.814401101838,243.45892904708145,494.77491570180234
3375,6.544997166087396,-239.90679987434953,37.635940715343,325.7238130945142,247.9195822389859,196.11851665641385,244.55599885048326,497.61922390153654
3376,4.63952490339389,-240.9051726247131,38.72060757058907,321.8888116361198,268.61477471776186,190.13467213851078,245.34816018350816,500.8758112203677
3377,3.004162303131474,-241.5495888535343,39.82001007348432,318.0559755331617,288.4420633075131,184.89575249208048,245.80047022081158,504.4304529061947
3378,1.6602066366557031,-241.81121735930057,40.92031825557461,314.1596607933361,307.23274721559466,180.4089203024509,245.88569943846332,508.15243379771465
3379,0.6222405004179278,-241.67033246843553,42.0047123604879,310.13338306074496,324.83355144529673,176.6554594371798,245.58509841457115,511.9013948746958
3380,-0.10207188773502124,-241.11676417306404,43.05361547185471,305.91629933028435,341.11032418148034,173.59136089905164,244.8889053274456,515.5344675405663
3381,-0.5120252575990546,-240.150066243266,44.04502225712846,301.45924775436623,355.95122008213553,171.14864966419185,243.79659197683387,518.9133158640238
3382,-0.6137595031272418,-238.77941598765938,44.95491384013075,296.72995870871114,369.2692508930203,169.23742097660687,242.3168571780498,521.9107221547489
3383,-0.4200037697076933,-237.0232694172427,45.75774605847354,291.71710508007055,381.00411281899073,167.7485244248505,240.4673858831713,524.4163894484402
3384,0.050306853931228857,-234.90880361855082,46.42699618978471,286.432934320884,391.1232327039782,166.55680589673554,238.2744000573831,526.3416918139658
3385,0.7725257154040028,-232.4711840813848,46.93575193465249,280.91431392827445,399.62201039644685,165.52479300517362,235.7720331564573,527.6231748665826
3386,1.7168829594085608,-229.75269852872208,47.25732620876558,275.22211999020544,406.52327061570503,164.5066905594875,233.0015640364564,528.224688972505
3387,2.849150742593577,-226.8018002638932,47.36588208308083,269.43899952249313,411.87597205133625,163.35254061724328,230.01054810300272,528.1381207784153
3388,4.1313688263755655,-223.67210291586468,47.23705384574929,263.66563569057155,415.75325237676316,161.91239756183106,226.851883207747,527.3827695036161
3389,5.522615354705976,-220.42136475828053,46.84855238985267,258.01573491001096,418.24991382819604,160.04037279509632,223.58284521800397,526.0034879496437
3390,6.979809382291587,-217.11049497915343,46.1807455559527,252.61003086711685,419.47947396654666,157.59841562445158,220.26412369670112,524.0677702355017
3391,8.458533666828805,-213.80260706751193,45.217206168996796,247.56965825597246,419.57091947120813,154.4597157898703,216.9588822619289,521.662015741731
3392,9.91386804137609,-210.56213645510886,43.945221893482255,243.00928542990005,418.66530668566935,150.5116373110704,213.73186140134868,518.8872297148343
3393,11.30122504809524,-207.45403117232547,42.35626152086741,239.03040855859933,416.91235065218405,145.65812093078068,210.64853417960376,515.8544346296416
3394,12.577180235381018,-204.5430160066368,40.446391945669795,235.7151998159054,414.46713436310847,139.82152105342178,207.7743178249238,512.6800629209793
3395,13.700289530070872,-201.89292300148375,38.21663906808421,233.12126928914805,411.4870522413207,132.9438704289567,205.17383713091996,509.48158225678
3396,14.63188550817466,-199.56607464126003,35.6732844769847,231.27764667981936,408.12907734068966,124.98759001183572,202.91022953229086,506.37357127026274
3397,15.336843428213855,-197.62270126153743,32.828088362224754,230.1822178125537,404.54741194815324,115.93568116630797,201.0444771822174,503.46441949609124
3398,15.784306772782442,-196.1203715791753,29.698427961660105,229.80076702350863,400.89154831259054,105.79145212034341,199.63474888359195,500.85377348370696
3399,15.948360877347874,-195.1134150983986,26.30734011281532,230.06768492287466,397.30473275110523,94.57784032829944,198.73573465287566,498.63079507257834
3400,15.808642038748799,-194.65231761016986,22.683456172040835,230.88830724882436,393.92279515538405,82.33639755216468,198.39795809936527,496.87324073595545
3401,15.350868352507378,-194.78307582994356,18.860817663050906,232.1427596349199,390.8732793745799,69.12600537674457,198.66705643315885,495.6473154130601
3402,14.567277623217294,-195.54650388319303,14.87856158280844,233.69109947883635,388.27478990088207,55.02138583967282,199.583024249685,495.0082026823225
3403,13.45695729103797,-196.9774921397429,10.780465565017234,235.3794733411548,386.23645797653904,40.1114654213798,201.179424606445,495.0011278101506
3404,12.02605157164551,-199.10422707864942,6.614345480676683,237.04694956079277,384.8574265430268,24.497641866867216,203.48257862159238,495.66277376435437
3405,10.287831866469183,-201.94738882698826,2.4313019836821486,238.5326441863918,384.2262588944364,8.291993657504946,206.51075231641028,497.02284563550455
3406,8.262617856742022,-205.5193503706776,-1.7151816966884812,239.68273731907516,384.42019059716375,-8.384537219520102,210.2733663243769,499.1055691404615
3407,5.977538603053163,-209.8234089299567,-5.7702807779894245,240.35697998111795,385.5041678068074,-25.403966310882364,214.77026012972672,501.9309168915722
3408,3.466125673478705,-214.8530853317041,-9.67898987725213,240.43432103453404,387.5296464968626,-42.6330743808877,219.99104732345316,505.51538382219434
3409,0.7677340842263128,-220.59153100200433,-13.387375732365456,239.81733923755306,390.53316443196906,-59.93518773425612,225.9146014889975,509.872180260835
3410,-2.0732081902453925,-227.01108400920626,-16.843885014658625,238.4352433839826,394.534738311343,-77.17191734840364,232.5087132439877,515.0107741857029
3411,-5.008115198565121,-234.0730149745912,-20.000663677311856,236.24529640979904,399.5361792914579,-94.20484029251617,239.72995722892614,520.9357867374962
3412,-7.985308339760069,-241.7275002900929,-22.814839598087456,233.23261835754377,405.5194579621322,-110.89710237938382,247.52380317663307,527.6453190261062
3413,-10.951210087786,-249.91385389069012,-25.24971805521272,229.40841947234546,412.4452816763426,-127.11491659405529,255.82499767820272,535.1288555895751
3414,-13.851636467309495,-258.5610401755598,-27.275839841979966,224.80680197387235,420.25206933749286,-142.72893001384355,264.55823333887633,543.3649438428517
3415,-16.63315185569291,-267.5884801402486,-28.871854441084544,219.48034383096874,428.8555169395197,-157.61543470205692,273.6391103750918,552.3188846621116
3416,-19.244444409004576,-276.907150943164,-30.025165622023536,213.494739559724,438.1489367443792,-171.65740610516704,282.97538306161994,561.9406840108866
3417,-21.63767685848824,-286.42096649356137,-30.73231434610891,206.9228225323241,448.0045208835967,-184.7453648743406,292.4684705198876,572.1635082906927
3418,-23.76976569478562,-296.02841371599726,-30.99907424727566,199.83833115229248,458.2756266332699,-196.7780727716906,302.01519885780266,582.9028576998544
3419,-25.603542038567745,-305.62440636949714,-30.84024809969587,192.30980648287755,468.8001098619963,-207.6630881109742,311.50973017530976,594.0566242874562
3420,-27.108749993708383,-315.10230603055317,-30.279168866995313,184.39501831383532,479.4046525122597,-217.3172188232026,320.845623694842,605.5061374007739
3421,-28.262843076060726,-324.3560484708332,-29.346924858652166,176.1363057458928,489.909948194977,-225.66691978556997,329.9179653606368,617.1182231641732
3422,-29.051546365113857,-333.28230386187107,-28.08134357559401,167.557183257587,500.13653565659087,-232.6486839631023,338.62549498273364,628.7482233881656
3423,-29.46916114687197,-341.78259214501713,-26.52578140591428,158.66050231271836,509.91101035551407,-238.20947319802892,346.8726551528599,640.2438420440839
3424,-29.51859956289097,-349.76527180798655,-24.727775139238908,149.42837340014017,519.0723049836448,-242.30722388102933,354.5714847878459,651.4496233364354
3425,-29.211148464849597,-357.14732213333696,-22.737615539667217,139.8239482611499,527.4777133804636,-244.91144585373613,361.6432831018316,662.2118209872119
3426,-28.56597350205291,-363.85584594786695,-20.60690288458199,129.795042922053,535.0083393870062,-246.00391115901542,368.01997733987275,672.3833961634427
3427,-27.609385663446563,-369.82923165099766,-18.38714007607889,119.27945560372983,541.5736812787757,-245.57940481316672,373.6451394855807,681.8288805652857
3428,-26.373902348281927,-375.01792925671,-16.128411775110347,108.21170643599406,547.1151105909689,-243.64648537554353,378.47461291651734,690.4288583249229
3429,-24.89714294169926,-379.38481465607623,-13.87818921417517,96.5308055378992,551.6080673931683,-240.22818195254905,382.4767290037646,698.0838510689354
3430,-23.22060436049911,-382.90513829580385,-11.680290922221815,84.18855104069753,555.0628673600107,-235.36253970282758,385.63211498470423,704.71742969428
3431,-21.388364832283653,-385.56607753763126,-9.574020262395234,71.15777909752164,557.5240935246189,-229.10292078307975,387.93311669510365,710.2784193430604
3432,-19.445764186864572,-387.3659343590118,-7.593491952485923,57.4399445924311,559.0686214589056,-221.5179738886891,389.3828812316445,714.7421076841625
3433,-17.438106332464354,-388.3130398553902,-5.76715192992428,43.07141374955428,559.8023956220641,-212.69120356013346,389.9941634698826,718.1104107602034
3434,-15.409424907566471,-388.42444230933984,-4.11748811995043,28.127904419383835,559.8561330746464,-202.72009898448695,389.787934747168,720.4109979103483
3435,-13.40134721443773,-387.72446491409073,-2.660923834581989,12.726617514257047,559.3801766485429,-191.71481813913772,388.79188049730186,721.6954308904823
3436,-11.452085306421335,-386.2432218542048,-1.407880684803998,-2.974241481742072,558.538752154429,-179.79646240935213,387.0388754983845,722.0364330079592
3437,-9.595577089129176,-384.01517737508044,-0.36299404231610866,-18.778660743878326,557.5039029258877,-167.09501407760897,384.5655206977066,721.5244674379009
3438,-7.860794802945978,-381.0778222779718,0.47453883442197253,-34.458640359180606,556.4493796168646,-153.74703920817805,381.4108148692878,720.2638598814839
3439,-6.27123333317402,-377.4705270522327,1.1104999995220861,-49.762323914522355,555.5447535083849,-139.89327729037726,377.6150187303075,718.3687360562109
3440,-4.844586203337545,-373.2336123293516,1.5551046766812568,-64.42395346782241,554.9499980221435,-125.67624416428468,373.2187503147899,715.9590469820009
3441,-3.592612416118652,-368.40765770329836,1.8223916589220452,-78.17501675620417,554.8107469721067,-111.2379660623728,368.26233056209713,713.1569189430559
3442,-2.5211921607148753,-363.03305133721483,1.9295737853485222,-90.75586956089603,555.2543916186581,-96.71794214145932,362.78537935214166,710.083495441812
3443,-1.630563708375982,-357.1497667192729,1.8963706211049098,-101.92709202371516,556.3871250612424,-82.25140447403766,356.82664616145604,706.8563514481532
3444,-0.9157277737839945,-350.79734024731334,1.7443429394749532,-111.47987499824966,558.2919858996889,-67.96791275892446,350.424046924604,703.5874771710115
3445,-0.3669997068112166,-344.0150142331965,1.4962451655850066,-119.24482460549498,561.0278978623612,-53.99029052318869,343.6148697612062,700.3817675555448
3446,0.029315293310195386,-336.84200430521474,1.175408108083128,-125.09870858934792,564.629652689167,-40.433884031105805,336.436106815886,697.3359234389789
3447,0.29015267485443685,-329.3178477874288,0.8051607297177188,-128.96883211639457,569.1087437644278,-27.406106869572003,328.9248672615739,694.5376694040075
3448,0.43485589997596924,-321.48279015133124,0.40829691114174455,-130.8349070378458,574.4549303170367,-15.006222966938926,321.1188272220848,692.0652136867137
3449,0.48431272905106126,-313.3781697293426,0.006591337990555959,-130.72845129030262,580.638397238561,-3.3253178237453,313.0566756380129,689.9869062813071
3450,0.46009191058137555,-305.0467660831508,-0.37963237020362056,-128.7299101109731,587.6123727399432,7.553589723683177,304.7785204698581,688.3610826010755
3451,0.38360995281236654,-296.5330840935964,-0.7318787023567009,-124.96381755460548,595.3160726924777,17.555336753815006,296.32622647128954,687.2361042814421
3452,0.2753549405307209,-287.8835532589704,-1.033800240415983,-119.59240884000647,603.6778531684399,26.612340080694658,287.7436633499598,686.6506218492136
3453,0.1541911325060004,-279.146629218865,-1.2714587508538537,-112.80814861329443,612.6184678800114,34.66427972560776,279.07685082209787,686.6340851883922
3454,0.036764549416165596,-270.3727917013082,-1.4335260972084043,-104.82565809993561,622.0543420185533,41.657759163472114,270.3739943974187,687.2075188205067
3455,-0.06297409558428915,-261.61443954234454,-1.511424471278614,-95.87350904307533,631.9007865946326,47.54595278985219,261.6854123274481,688.3845634297564
3456,-0.13411712970301815,-252.9256887583687,-1.499406542357927,-86.18631001332926,642.0750870519851,52.28824636930496,253.06335963199416,690.1727666486496
3457,-0.1690112465070746,-244.36208355308335,-1.3945775642668645,-75.99744784717421,652.499406824362,55.849874194977865,244.56175918098074,692.5750881237602
3458,-0.16333065014920173,-235.98023250985545,-1.1968630979768387,-65.53277050717412,663.1034513316822,58.20155765636368,236.2358523392887,695.5915684798777
3459,-0.11601555328298414,-227.83738314716328,-0.9089275086741492,-55.00541403616995,673.8268416784622,59.31915366987029,228.14178275062196,699.2211001462422
3460,-0.029084593003076455,-219.9909477114495,-0.5360495245196556,-44.61189127256098,684.6211510944297,59.18332725983527,220.33612663685864,703.4632304966884
3461,0.09266569210764602,-212.49799185961578,-0.08596176623682511,-34.529478496338264,695.4515618528179,57.77926950530271,212.87538182571973,708.319924294881
3462,0.24205721614941525,-205.4146961522563,0.4313387690837544,-24.914862041555303,706.29810659673,55.0964890561809,205.81542599966568,713.7972126587559
3463,0.4100023235759206,-198.79579845915922,1.0038027401732115,-15.903942888701451,717.1564658916005,51.12871142582208,199.21095280415176,719.9066591613415
3464,0.5860291687544144,-192.69402375645947,1.6175573891289068,-7.612645098208776,728.0383032393581,45.873924210709134,193.11489275507967,726.6665796980566
3465,0.758837331422637,-187.15950647569684,2.257147987412703,-0.13853467896038546,738.9711292870371,39.334607271730405,187.57782446072275,734.1029607606245
3466,0.9168603731362979,-182.23920957025308,2.9057888535268894,6.436970431016729,749.9976978856195,31.51818399991301,182.6473805591032,742.2500301338542
3467,1.048812499101725,-177.97634382899616,3.5456224742565374,12.046031195101978,761.1749472883904,22.437722724579643,178.36765201719712,751.1504442012636
3468,1.1441975257380805,-174.40979073060012,4.157986669103582,16.631690905670332,772.5725095317911,12.112906133578248,174.7785940959409,760.8550666058184
3469,1.1937600992250594,-171.57353229433647,4.723690972382797,20.14527126685822,784.270819568429,0.5712716587821404,171.9154373680506,771.4223237663542
3470,1.1898617124084598,-169.49609193196247,5.223304404576496,22.54405953556818,796.3588629014569,-12.150292129370218,169.80810769198428,782.9171336242106
3471,1.12676759369503,-168.1999912595093,5.637457488092061,23.789455579271777,808.9316063184716,-26.003827960045264,168.48066002978968,795.4094149101594
3472,1.0008348374964529,-167.70122915932856,5.947161564984449,23.845712497554516,822.087160908934,-40.92842666239669,167.9507324121778,808.9721950199867
3473,0.8105968468318666,-168.00879092013002,6.134148024763737,22.679365772963745,835.9237299599366,-56.84825415529166,168.2290279990249,823.6793450415889
3474,0.5567439472484995,-169.12419677464638,6.181228954848802,20.25940576332456,850.5363967136493,-73.6705832008611,169.31883478413528,839.6029803883962
3475,0.24200476100757032,-171.04110039441238,6.07267915349253,16.558208399449025,866.0138086143108,-91.2839405402594,171.21559383900168,856.8105747944805
3476,-0.12906255224609325,-173.7449487589319,5.794637557812313,11.55320045100376,882.4348159703146,-109.5564922306964,173.9065279462802,875.3618442024265
3477,-0.5503560644929912,-177.21271523407304,5.335524005820023,5.229199389390748,899.8651243544384,-128.3347973012859,177.37034296517592,895.3054655207693
3478,-1.0145765138770522,-181.41271768100376,4.686464884952195,-2.4186660296567553,918.3540219893825,-147.4430613212233,181.57701429299328,916.6757035764371
3479,-1.513615790510005,-186.3045330266847,3.841718657884812,-11.381579789079245,937.9312461625974,-166.68301637465032,186.48767039445812,939.4890280284266
3480,-2.038967531959353,-191.83901906688408,2.7990895815166223,-21.6333614927285,958.6040565926212,-185.8345417658616,192.05458468188928,963.7408106145931
3481,-2.5821394205401926,-197.95845349395032,1.5603152553414679,-33.12666847179332,980.3545886594214,-204.65712046000016,198.22128621049208,989.4022017873433
3482,-3.135047106283182,-204.59679933951315,0.13141112737273675,-45.78928007353059,1003.1375652853858,-222.8922002267072,204.9227988106504,1016.4172942279321
3483,-3.6903707830352324,-211.68010515436967,-1.4770469839768077,-59.520684987623156,1026.8784523833224,-240.26649655073476,212.08601737713377,1044.7006881977377
3484,-4.241857285626672,-219.12704717372077,-3.2497226974844744,-74.18920416756082,1051.4721481088172,-256.496237763809,219.63022893697394,1074.1355790632008
3485,-4.784553095029649,-226.84961928606566,-5.166422214248443,-89.62988591670191,1076.7822993640582,-271.2923129501385,227.46778467673496,1104.5724893127474
3486,-5.314956753978708,-234.7539747194687,-7.20212170559271,-105.64340480334873,1102.6413388434519,-284.36624161780844,235.50492720712307,1135.8287647918585
3487,-5.831082751775536,-242.74142088532682,-9.327138802912797,-121.99618134001228,1128.8513313290762,-295.43684268638543,243.64277487846593,1167.6889468228392
3488,-6.332432695006387,-250.7095657324521,-11.507465628356535,-138.42191404590966,1155.1857080407444,-304.23744083559495,251.77846188329084,1199.9061177006201
3489,-6.819873321186,-258.55361033524485,-13.70527645048748,-154.62467863573067,1181.3919517888594,-310.52341247011407,259.8064292649201,1232.204296263314
3490,-7.29542453741955,-266.1677784407217,-15.879616403239552,-170.28369924204878,1207.1952726811119,-314.0798431621691,267.61985797073436,1264.2819324541174
3491,-7.761964222089577,-273.4468694636233,-17.987268922947692,-185.05983234301993,1232.3032836347365,-314.72904491907997,275.112230874673,1295.8165149076872
3492,-8.222860159222655,-280.28791695491987,-19.983789353544566,-198.60372504814643,1256.4116470014703,-312.337666104995,282.1790062283498,1326.4702639951706
3493,-8.681543305139728,-286.59192983114053,-21.824681614659916,-210.56551754206674,1279.2106193035117,-306.82311996383265,288.7193801935973,1355.8968355230488
3494,-9.141040556120299,-292.2656886881927,-23.466684953978344,-220.6058596711173,1300.392372584862,-298.1590597003998,294.63811096359296,1383.7489091569846
3495,-9.603489004428745,-297.2235645592069,-24.86912925903651,-228.40791104269394,1319.6589211103937,-286.3796391641917,299.8473716962818,1409.686482904094
3496,-10.069656945804546,-301.38932281039524,-25.9953104517488,-233.68990048465983,1336.7304342287707,-271.58231878336824,304.26859437118424,1433.3856433346666
3497,-10.538499279200197,-304.6978706565059,-26.813832329336428,-236.21774134510957,1351.353673285138,-253.92900725997106,307.83426193617635,1454.547533861182
3498,-11.006776126284038,-307.0969030099496,-27.29985820161896,-235.81713937575623,1363.3102557052673,-233.64537141068976,310.48960179783904,1472.9072040636222
3499,-11.468763278513805,-308.5483981269931,-27.436215300354334,-232.38459383418686,1372.424425969438,-211.01819973167468,312.19413000055494,1488.2419957640404
3500,-11.916081329065497,-309.02991207190706,-27.214297674506657,-225.89668309190114,1378.5700039427256,-186.39076929716535,312.9229927503274,1500.3791099474477
3501,-12.337666943210865,-308.5356197685765,-26.634719323051062,-216.41704637230242,1381.676187678396,-160.15623892310205,312.66805075237056,1509.202005263804
3502,-12.719904472191667,-307.07705072446737,-25.707678301198364,-204.10052623108834,1381.7319107290386,-132.74917139615874,311.4386525341928,1514.6553048781948
3503,-13.046928834245179,-304.68346987764915,-24.45300364005104,-189.19402440625555,1378.7884924927719,-104.63537022905186,309.2620459140388,1516.7479338009387
3504,-13.301101240440849,-301.40185911542284,-22.899869267011148,-172.0337470876391,1372.960373254549,-76.30029755145527,306.18338260307587,1515.5542726808128
3505,-13.463648283030889,-297.2964635132854,-21.08617217360365,-153.0386715690574,1364.4237927841268,-48.23641499908813,302.26528016505705,1511.2131948712204
3506,-13.515443056843408,-292.4478785227082,-19.057585758258952,-132.70024813961555,1353.4133520855955,-20.929854591800414,297.5869184137184,1503.9249486952901
3507,-13.437895641540056,-286.95166991419933,-16.86631368369203,-111.56854961652962,1340.216490372831,5.153122458813338,292.24266348495007,1493.9459514544099
3508,-13.213910511632026,-280.91653655326246,-14.569584502508212,-90.2352850427782,1325.1660092109198,29.57938809080878,286.34023150739085,1481.5816682922734
3509,-12.828860847125398,-274.462046038135,-12.227941670725029,-69.314291497136,1308.630875895457,51.961428009870524,279.9984238664712,1467.1778475957462
3510,-12.271524680905344,-267.71599353116426,-9.903395619831267,-49.42029515359237,1291.0056300792066,71.96854841808997,273.3444860327167,1451.1104646317647
3511,-11.534925852754792,-260.8114532844493,-7.6575125369401595,-31.14687490213331,1272.6987938868613,89.33634992958133,266.51116027492947,1433.7747782866682
3512,-10.617024372436045,-253.88360909853515,-5.549517460407532,-15.044654074205518,1254.1207413798033,103.87406405787299,259.6335181581635,1415.5739288250033
3513,-9.521206293971035,-247.06646330417558,-3.634487317591582,-1.6007754535067213,1235.6715159707348,115.4694209208009,252.84567089935373,1396.9075004960016
3514,-8.256532533388391,-240.48953306098147,-1.9617033109842221,8.77932563771756,1217.729093400179,124.09080663423109,246.27746404062248,1378.160449561437
3515,-6.837718949945026,-234.2746471446587,-0.5732224751815675,15.786945859392391,1200.6385726286248,129.78657251577863,240.05126713547946,1359.6927655426284
3516,-5.284835813033428,-228.5329554508974,0.4972837738679384,19.22120434687853,1184.702737033843,132.68147235799307,234.2789688544339,1341.830198603605
3517,-3.6227323001321583,-223.3622570489743,1.225389753568056,18.995687807949924,1170.174364020606,132.9703246034836,229.05928284735847,1324.8563515694757
3518,-1.880209309136746,-218.8447410432685,1.596454074010075,15.140387727303953,1157.250574771576,130.90911850082617,224.47545977769656,1309.0063985637703
3519,-0.08897993314114747,-215.0452182539952,1.605830386757064,7.798924170806694,1146.0694120940593,126.80390177129092,220.5934862157975,1294.4626477541615
3520,1.7175300977673271,-212.00990147223573,1.2587570107719583,-2.778703687334391,1136.708720227413,120.99789577336348,217.46083176931313,1281.3521068932348
3521,3.505480976504584,-209.7657687675569,0.5699433312011749,-16.247382444639474,1129.1872846567242,113.85737586568675,215.1057826724642,1269.7461334205937
3522,5.241951215104805,-208.3205194527492,-0.43711997528527835,-32.18152933260581,1123.468081162785,105.75692292905852,213.53737451612238,1259.6621568258677
3523,6.896238718502386,-207.66310751138005,-1.731092664982004,-50.09235178384968,1119.4633890405128,97.06469103420805,212.74591082700542,1251.0673562717998
3524,8.44106865684818,-207.76481421291703,-3.2739189886913613,-69.44687711331294,1117.0414489554687,88.12834209041829,212.7040297710925,1243.8840719190405
3525,9.853651980738201,-208.58080169946373,-5.022120630317443,-89.6878777589277,1116.034293964698,79.26226957576208,213.36826002426878,1237.9966360248688
3526,11.116546024200632,-210.05207355390704,-6.928202425320702,-110.25383259439317,1116.246353004566,70.73667155950949,214.68098998061816,1233.2592396835814
3527,12.218277804459346,-212.10775720306933,-8.94212302303808,-130.59811838425978,1117.4634180435608,62.76894211050629,216.57276248448517,1229.5044088464033
3528,13.15370117122402,-214.66761635464337,-11.01278183951527,-150.20670963303155,1119.4615766085328,55.51773542610018,218.9648001110746,1226.5516503862034
3529,13.924070718918948,-217.64469912724627,-13.089474131988524,-168.61377165212025,1122.0157378424074,49.07992498790464,221.77166332989088,1224.2158434508767
3530,14.536828165656997,-220.94802875747067,-15.123268188166104,-185.41465300559656,1124.907420172682,43.49053746821892,224.90394533492588,1222.3149892110353
3531,15.005110417718814,-224.48524840717124,-17.068262571423926,-200.27591334905563,1127.9315198584632,38.72559497299239,228.27091255628895,1220.6769885940269
3532,15.347002222857418,-228.16513909592032,-18.882687006250347,-212.9421564757168,1130.9018400528971,34.70765678949858,231.78300826485994,1219.145187864351
3533,15.584569336381895,-231.8999394281867,-20.529817701660544,-223.23957297765048,1133.6552274025494,31.313720482511034,235.35414741526768,1217.5825113499168
3534,15.742719466429039,-235.60740694949556,-21.978686521966527,-231.07622987628804,1136.0542351450506,28.385029092812015,238.90374318226682,1215.8740848494308
3535,15.847946913126362,-239.2125732250286,-23.204573016070874,-236.4392732417522,1137.9883051531638,25.73824280289008,242.35841895466808,1213.9283379135263
3536,15.92702199384993,-242.6491577016202,-24.189278172635742,-239.389330633292,1139.3735327218058,23.17737498107707,245.65337333966343,1211.6766536962361
3537,16.005687738489055,-245.86061867270635,-24.92118799795664,-240.05250840750892,1140.151142970054,20.505867449112863,248.73337950680678,1209.0717068255353
3538,16.107424162282605,-248.80083292872064,-25.395142889292977,-238.6104690066185,1140.28486254397,17.538189450828625,251.55341367719794,1206.0846887107255
3539,16.25233528061862,-251.43440881906247,-25.61213488728552,-235.28913966499036,1139.7574117205822,14.11038816877719,254.07892066752655,1202.7016631282188
3540,16.45620663398178,-253.73665022837199,-25.57885907954462,-230.34664183118747,1138.5663682876352,10.089092497472732,256.2857369486359,1198.9193217681536
3541,16.729772099441636,-255.69320081275458,-25.30714765978582,-224.06103698959964,1136.7196655882822,5.378570754638747,258.1597031570798,1194.7404203813521
3542,17.07821876783804,-257.29940807039685,-24.81331549878756,-216.71845882066896,1134.2309842098716,-0.07443994680372164,259.69600775520064,1190.1691732239572
3543,17.500948144492504,-258.559454908458,-24.1174448233233,-208.60214566312175,1131.1152822140155,-6.278287719476883,260.89831106994046,1185.2068691371096
3544,17.99160114516727,-259.485311939177,-23.242634208032264,-199.98280528616962,1127.3846850008179,-13.196368850760539,261.77770391369006,1179.8479489472302
3545,18.538343411954372,-260.095566513199,-22.214234110329794,-191.11064210948447,1123.0449249611424,-20.749400705411265,262.3515571580839,1174.0767521818266
3546,19.12439661791828,-260.4141843836461,-21.059088046621046,-182.20926237164835,1118.0924846102735,-28.819792484981917,262.6423179151852,1167.8651018642977
3547,19.728791209872885,-260.46925703708786,-19.80479553123803,-173.47155281371712,1112.5125563363965,-37.257805317008135,262.6763045221754,1161.1708497749494
3548,20.327307053215705,-260.29178242737396,-18.47901037974628,-165.05751043287432,1106.2778888143418,-45.8891175581426,262.4825466278941,1153.9374520819022
3549,20.893561092924887,-259.9145195106584,-17.108786131834574,-157.0938914238356,1099.3485463957102,-54.523359365677244,262.0917087709369,1146.0945887804182
3550,21.40019567644004,-259.37094818125837,-15.719979149783242,-149.67545248577943,1091.6725654671375,-62.96315405438766,261.53512652843193,1137.5597831895682
3551,21.820117763699123,-258.6943567117456,-14.336719137986595,-142.86748234101844,1083.1874529498991,-71.01320252226944,260.8439743931306,1128.2409239005488
3552,22.127737916903836,-257.9170694194434,-12.980956038403203,-136.7092697795685,1073.822438554897,-78.4889696122859,260.0485748369938,1118.0395452373236
3553,22.30015865066984,-257.0698187025962,-11.672091127980403,-131.21812976346743,1063.5013651550291,-85.22457491946074,259.1778492512511,1106.8546869303912
3554,22.318264349947107,-256.18125829067833,-10.426698438883896,-126.3936122808397,1052.1460808683041,-91.07955156393491,258.2589041241887,1094.5871313869677
3555,22.167669411923477,-255.27760877642388,-9.258340274716012,-122.22154870540083,1039.680181746506,-95.94421052437649,257.31674019875015,1081.1438081958456
3556,21.839487328674224,-254.38242226893848,-8.177477699446044,-118.67764406481294,1026.0329448258817,-99.74343058083689,256.3740684799181,1066.4421595285767
3557,21.33089085033833,-253.51645024884735,-7.191473661159677,-115.73039554312656,1011.1432873976493,-102.4387799344757,255.45121475259484,1050.4142750192543
3558,20.645441921988063,-252.69759730478202,-6.304683194228364,-113.34320107658411,994.963589544489,-104.02896049753751,254.56609359375244,1033.0106278671474
3559,19.793179482328384,-251.940943183282,-5.518622181721196,-111.47560974281365,977.4632231613316,-104.54864545895045,253.73423347480391,1014.2032722615606
3560,18.790463019028437,-251.25881621252293,-4.832203552543763,-110.08375045079684,958.6316417272074,-104.06585135881723,252.96883609855544,993.9883928135885
3561,17.6595794648152,-250.66090246436679,-4.242027576808021,-109.12005039171895,938.4809008940287,-102.67804446122305,252.28085530478393,972.3881270770391
3562,16.428130077703514,-250.15437693673277,-3.742711278054343,-108.53241411078784,917.0475003091525,-100.50722534985445,251.67908355908443,949.451610920363
3563,15.128221937964172,-249.7440455129539,-3.3272411507251043,-108.26307390665465,894.3934616087362,-97.69426405231154,251.17023709457627,925.2552229292942
3564,13.795495242757308,-249.4324893167497,-2.9873335148091593,-108.24734062443555,870.6065855342265,-94.39277048421418,250.7590340069182,899.9020284055424
3565,12.468022449027325,-249.22020607914337,-2.7137879963840814,-108.4124809786125,845.7998616244051,-90.7627825859995,250.44826276260386,873.5204464383686
3566,11.185118499801842,-249.105746034831,-2.49682169743608,-108.67692541215858,820.110035586573,-86.96453910633345,250.23884147149548,846.2621853493936
3567,9.986103032771986,-249.08584247580313,-2.3263743074239507,-108.94997269365622,793.6953706703781,-83.15257804370549,250.129870749893,818.2995124077142
3568,8.909055783380012,-249.15553919930974,-2.1923773061753518,-109.13210843197106,766.7326685265683,-79.4703679420365,250.11868488898045,789.8219423959781
3569,7.989605503821917,-249.30831852051787,-2.08498324227488,-109.1159994009637,739.4136407353378,-76.0456400330339,250.20090719981994,761.0324454187348
3570,7.259790806297132,-249.53623427953414,-1.994753742432541,-108.78816908372279,711.9407434320628,-72.98654684788319,250.37051585928967,732.1432863523038
3571,6.7470285651743165,-249.83005452155936,-1.912807343428897,-108.03130693282651,684.5226036060432,-70.37872945796644,250.6199265184722,703.3716158279999
3572,6.473221908513347,-250.17941840243483,-1.8309303531850332,-106.72711847310494,657.3691763905925,-68.28333294412509,250.94009750829815,674.9349352853002
3573,6.454035308577872,-250.57301136692286,-1.741655660478615,-104.75958829026281,630.686778023287,-66.73596977926198,251.3206626984828,647.0465566114026
3574,6.698358776800729,-250.9987617167759,-1.6383156244207724,-102.018504482715,604.6731394363486,-65.74659484988459,251.75009589853047,619.9111708570266
3575,7.2079767633017005,-251.44406039830878,-1.5150758007006293,-98.4030813625547,579.5126211050904,-65.30022480651644,252.21590920395823,593.7206314109744
3576,7.977450311209079,-251.8960043788131,-1.3669562970754874,-93.82551619527817,555.3717213966362,-65.35840913068046,252.70488606231208,568.6500458214252
3577,8.994213680154088,-252.34166246088634,-1.1898470452241658,-88.21432406588092,532.394998899695,-65.86134138529499,253.20334815821744,544.854258140507
3578,10.238879424883386,-252.76836076517844,-0.9805222996393189,-81.51731062691218,510.7015149374158,-66.7304869385922,253.6974534337769,522.4647911661268
3579,11.685739186835008,-253.16398338792754,-0.7366583442800305,-73.70406333264432,490.3818867027284,-67.87159803075127,254.17352064039002,501.58730610316866
3580,13.303441557391169,-253.51728208262085,-0.4568568590021313,-64.7678655615493,471.49602527258924,-69.17798804770234,254.6183739195815,482.2996266163767
3581,15.055823499210241,-253.81818743351172,-0.1406747957271273,-54.7269627834302,454.0716170085405,-70.53394359931632,255.01969924250483,464.6503653207945
3582,16.90286803316447,-254.05811291450166,0.21133998748137994,-43.62513412539571,438.1033919844459,-71.81816447629603,255.36640314529936,448.6581833582666
3583,18.801758213953473,-254.2302423581061,0.5976096442179161,-31.531545429760435,423.55320907476204,-72.90713655919566,255.648962999795,434.3117073468118
3584,20.707995816363365,-254.3297906466053,1.0154875965794485,-18.539880854785192,410.3509737336174,-73.67835997002506,255.85975703205926,421.5701218442479
3585,22.576552590032502,-254.35422692377273,1.4612252236906165,-4.766769303836037,398.3963905224267,-74.01337292565304,255.99336151042436,410.3644484751699
3586,24.363022299362367,-254.30344936399723,1.9299500227780444,9.650460347503884,387.5615372061991,-73.80052969806512,256.0468020399233,400.59951386260497
3587,26.02474292052212,-254.17990057450686,2.41566169877084,24.556644973926996,377.6942299782116,-72.93750775079381,256.01974578493065,392.15659643953023
3588,27.521860262308977,-253.98861313850327,2.911252477984912,39.78220858497453,368.6221297001093,-71.33353356201094,255.9146218083044,384.89672641932145
3589,28.818306900890047,-253.73717577452732,3.408557270490282,55.1470601014305,360.1575170769258,-68.91132805912937,255.7366577242438,378.66459355213834
3590,29.882673604773643,-253.43561224721648,3.8984382234704613,70.46487512803554,352.1026410826365,-65.6087804178314,255.49382267531175,373.2929942959313
3591,30.688954225938655,-253.096167675711,4.370906826024293,85.54765696282423,344.2555208544495,-61.38036302963715,255.19666940841205,368.60772482971987
3592,31.21714915333647,-252.73300034059181,4.815285120586124,100.21046059783302,336.41605818633855,-56.198300922888635,254.85807200914434,364.4328006122598
3593,31.453716639582936,-252.3617813644403,5.220405758940361,114.2761532813102,328.3922973905697,-50.05350636312633,254.4928605034302,360.59585899961644
3594,31.39186538366744,-251.99920939234443,5.574848654534484,127.5800770659643,320.00665342371286,-42.956284486130464,254.1173586716728,356.933581023817
3595,31.031685539955415,-251.66245225340236,5.867209993229156,139.97447365235578,311.1019193809656,-34.93680940827662,253.74883664669835,353.2969539761418
3596,30.380118839236008,-251.36853222558491,6.0863975988957675,151.33253091041144,301.54686191227563,-26.045363064052104,253.404894863157,349.55618976204744
3597,29.450771814277346,-251.13367562128252,6.221945267508012,161.55191494495656,291.2412183510954,-16.35232178071228,253.10280036576057,345.6051163768367
3598,28.26357918004004,-250.9726506042703,6.264337707076378,170.5576625533721,280.11992222660797,-5.9478690860356656,252.8588000023441,341.36487188835355
3599,26.844327081108936,-250.89811916460198,6.205337054992488,178.30432704309268,268.1564035658986,5.058591777697626,252.68743732292234,336.7867518168584
3600,25.224048110825155,-250.92002988691314,6.038301455983545,184.77729540272696,255.36483576308132,16.539355019219226,252.60090093006923,331.85409073477024
3601,23.438301874494847,-251.0450775560344,5.758485808410542,189.99322534239457,241.8012304749278,28.34968870107476,252.6084315977006,326.58309542933887
3602,21.52635668157048,-251.27625384534855,5.363314563113818,193.99958423013817,227.5633147990626,40.329497060410795,252.71581381964822,321.0225876017107
3603,19.530289809042976,-251.61251046271798,4.852616438269267,196.87330541771766,212.7891597830703,52.30538931307477,252.9249747120207,315.2526559557994
3604,17.494025473374634,-252.0485523363898,4.22881105922719,198.7186080787827,197.65456492249913,64.09316617465441,253.2337094962876,309.3822577753511
3605,15.462330880022774,-252.57477386880475,3.4970377974339173,199.6640524868337,182.36923854063937,75.50072302179154,253.63554825552396,303.545846220316
3606,13.479791403457279,-253.17734616818228,2.6652175760859933,199.85892262419566,167.17184781166222,86.331353722656,254.11977347822153,297.89912986268695
3607,11.58978625445387,-253.83845776750942,1.7440393527980491,199.4690419731286,152.32404406086928,96.38742221192351,254.67159239315774,292.6140945487554
3608,9.833486099447411,-254.53670595183402,0.7468645023641721,198.6721367599853,138.10359860076136,105.47435058998347,255.27246257892543,287.87343441483273
3609,8.248894002786628,-255.24763056851845,-0.31045559002187817,197.65286469071256,124.79681178688907,113.40485380609822,255.9005639463964,283.86454931805997
3610,6.869950600112956,-255.94437706553413,-1.4098507118674877,196.59762750253086,112.69038335708801,120.00333282833093,256.5314049191237,280.7732710273557
3611,5.725723436831278,-256.5984705634436,-2.531390409652282,195.68928384541755,102.0629553905668,125.11032154166662,257.13854555260366,278.7774814110141
3612,4.839698902934797,-257.1806783195503,-3.653724704646805,195.10187665597223,93.17655978485494,128.58686832596,257.69441574330443,278.0407837499303
3613,4.229193214444151,-257.6619343224394,-4.754597435833151,194.9954879033688,86.26821872863925,130.31872220680643,258.17120291815075,278.7063843745774
3614,3.9048964759773543,-258.0142971016668,-5.811418315578669,195.51133470903702,81.54195746277856,130.2201864603856,258.5417808070453,280.8913372024459
3615,3.870561089921805,-258.21191010226624,-6.801875370783809,196.7672249905416,79.16149169003393,128.23750026570605,258.78064903726016,284.6812993898614
3616,4.122842885633197,-258.23193307071716,-7.704565508135915,198.85349745891875,79.24384553627746,124.35161190268747,258.86485225626285,290.1259426948281
3617,4.651300676095358,-258.0554128156222,-8.499618244247642,201.8295781273846,81.8541388134729,118.58021535765421,258.77484727221065,297.235161977168
3618,5.438557717799284,-257.6680625242204,-9.16928687045547,205.72129025274612,87.00175419997595,110.97893610512426,258.4952873985499,305.97621827802726
3619,6.460626583813542,-257.0609206481232,-9.698482773391417,210.5190528615958,94.6380564479794,101.64157115751597,258.0156949514575,316.27194710834317
3620,7.687396777973218,-256.2308632484479,-10.075232050128353,216.17709099828184,104.65578820929733,90.69931283707294,257.3309957287359,328.0001507425567
3621,9.083281540063462,-255.18094751782598,-10.291038173910282,222.6137561475979,116.89021243193594,78.31891453974768,256.44189317882444,340.9942746460767
3622,10.608016559477381,-253.9205688710008,-10.341139338890644,229.71301766066,131.12201169668307,64.69978927063752,255.35506468560462,355.04544145721036
3623,12.217598946573535,-252.4654195121688,-10.224653579293033,237.32713781610494,147.08189258832854,50.07006700307825,254.08316788673827,369.90588055477286
3624,13.865350152714214,-250.83724277751077,-9.94460864209684,245.28048902263907,164.45678055994776,34.68167385042901,252.64465121498176,385.29374703385184
3625,15.503081811185044,-249.06338475615973,-9.507857038828572,253.37441722443546,182.89743033164882,18.804533461804084,251.0633698442488,400.89927150093104
3626,17.082338802210785,-247.17615248149355,-8.924879906241614,261.3930058570434,202.02722160269326,2.720027828433287,249.3680157132178,416.39212345076015
3627,18.555689324640483,-245.21199589543806,-8.20948635981567,269.10955320999267,221.45186287376774,-13.28611027660879,247.5913778326465,431.42980975572107
3628,19.878027529716604,-243.21053819569966,-7.37841794709321,276.2935445007791,240.769690334136,-28.931268982462186,245.76945603773612,445.66687082214406
3629,21.007850560375367,-241.2134855658788,-6.4508706266792855,282.7178786968966,259.58222607274075,-43.94356157070998,243.94045722448064,458.76458515891494
3630,21.908468973490855,-239.2634524389695,-5.4479494332671825,288.16609876564223,277.5046510973339,-58.06931121476776,242.143707716036,470.40085251393805
3631,22.54910795353366,-237.40274223643402,-4.392073554175535,292.43937205168214,294.17585342397797,-71.0801526332825,240.41851867298993,480.27989924759396
3632,22.905856988181373,-235.67212571209876,-3.3063516795280368,295.36297444188045,309.2677287644603,-82.77948657145004,238.80304322386587,488.1414390951672
3633,22.962428255305724,-234.10965938386653,-2.2139488272480046,296.79204750882224,322.4934397679211,-93.0080348168608,237.33316412396624,493.7689289699487
3634,22.71068908751244,-232.74958511857895,-1.1374661219540099,296.61642151288805,333.61437800510623,-101.64826798781917,236.04144940925283,496.99658326871287
3635,22.1509413640151,-231.6213490384799,-0.09835424774007456,294.76432850294276,342.4456195428511,-108.6275151433717,234.95621104071358,497.71485081624553
3636,21.291930094032413,-230.7487737747554,0.8836202869526674,291.2048682724649,348.8597185926816,-113.91961209750345,234.100698167728,495.87411496242134
3637,20.150574331257733,-230.14941276625152,1.7908392093093135,285.9491349474978,352.78874273016294,-117.54500217918651,233.49245240657893,491.48644747452295
3638,18.751425428370506,-229.83410880795782,2.608213003000863,279.04996244846444,354.2245157136705,-119.56926637056331,233.1428473804974,484.6253278485549
3639,17.125869878072095,-229.80677152822994,3.3234677330567703,270.6003013029536,353.21709778009415,-120.10012600030417,233.05682868983922,475.42332756487656
3640,15.311105729540202,-230.06438019734594,3.9273322093417526,260.7302949308372,349.8715959212174,-119.28302682978985,233.2328635344745,464.0678488002792
3641,13.34893187943356,-230.59720956629755,4.41362385833027,249.6031775837299,344.3434552634042,-117.29547473453995,233.66310149079038,450.79509371789396
3642,11.284397658486656,-231.3892676143289,4.779235863547895,237.41016516920737,336.83243440066303,-114.34034679218847,234.3337396231456,435.882518003245
3643,9.164365642188725,-232.41892555293856,5.024031983158444,224.36455080646763,327.5755096449034,-110.6384445546007,235.22557657310716,419.64008551258416
3644,7.036043436793062,-233.65971272972826,5.150658789062257,210.69524633917797,316.83898349769134,-106.42058652708724,236.31473213482622,402.4006856351816
3645,4.945540527056535,-235.08124268352057,5.164287745873351,196.64002743589378,304.9100899956176,-101.91955321313282,237.5735017083096,384.5100989182519
3646,2.9365043650909493,-236.6502318332472,5.07230148687541,182.43874277532112,292.088393755709,-97.3622001335166,238.97130938039518,366.31689928284754
3647,1.0488858396089278,-238.3315693615389,4.883939837543943,168.326737631932,278.67727119355885,-92.96204224971251,240.47571957325943,348.1626641172151
3648,-0.6821218945032899,-240.08939597541323,4.609921567228339,154.52872032676532,264.9757427243849,-88.91258791741545,242.05346552666893,330.3728294497084
3649,-2.2269354205453125,-241.888150429907,4.262057524009881,141.25326860852977,251.27089546116662,-85.38166297227404,243.67145346245425,313.248480220091
3650,-3.562197950303567,-243.6935457617987,3.8528698348683936,128.68813476829413,237.83109900871602,-82.5069174030666,245.2977039363433,297.0593100072418
3651,-4.671146153261008,-245.47344171471542,3.39523037925044,116.99646614885499,224.90017457128278,-80.3926504683429,246.90219622600176,282.0379249090245
3652,-5.543723541454017,-247.198585466158,2.902029899415562,106.31401454080985,212.69263189793475,-79.10802778201526,248.45758722309415,268.37560608503566
3653,-6.176448644168517,-248.84319917515722,2.385887064398964,96.74736603324055,201.39004173424283,-78.68669901793103,249.9397828273745,256.2195867818003
3654,-6.572057294910202,-250.3853998131836,1.8589046438031385,88.37318365953499,191.13856556986437,-79.12776099476572,251.32834697354417,245.67184313791162
3655,-6.7389480985222,-251.80744406426192,1.3324774556599164,81.23841937434008,182.04762161115127,-80.39795163203769,252.60674091460615,236.78934375782916
3656,-6.690467693571816,-253.09579861835275,0.8171536219131929,75.36141982652745,174.18962792803418,-82.43490898270436,253.7623929985412,229.58565142290539
3657,-6.444077248472804,-254.2410436341525,0.3225470369625877,70.73382225542501,167.60073224906762,-85.1512890394122,254.78660658002414,224.03372308094438
3658,-6.0204436987350745,-255.23762413404344,-0.14270450560156042,67.32311287370936,162.28241414289175,-88.43950828681945,255.67432054774358,220.06971427386517
3659,-5.442498918590575,-256.0834703187031,-0.5709437026980256,65.07570062518192,158.2038299191143,-92.17686307227407,256.42374296985633,217.59756449251557
3660,-4.7345078574566735,-256.77951303871026,-0.9554703391461787,63.92034467660902,155.30476326618592,-96.23077778863144,257.035883400652,216.49412276376847
3661,-3.9211830692254823,-257.32912469052417,-1.2905002756048443,63.7717651356486,153.49904439662217,-100.46394669240932,257.51401324810683,216.61456881021851
3662,-3.0268781847562924,-257.73751837334225,-1.571116640252685,64.53426425429124,152.67830577185651,-104.73915835093662,257.8630860651929,217.797893827578
3663,-2.074886815216082,-258.0111391541522,-1.7932219598992816,66.10519080319396,152.71595168173252,-108.92362519769398,258.0891506183076,219.87222494527967
3664,-1.0868663573953892,-258.1570807786614,-1.953498353014177,68.37809416839187,153.47123056711024,-112.89268102969886,258.19878914441585,222.6598069557087
3665,-0.08239858899854287,-258.18255918283296,-2.04938096057125,71.24543731507268,154.79331179833696,-116.53275366548746,258.1986113692619,225.98149176830262
3666,0.9213087545059897,-258.09447068263216,-2.0790477236377916,74.60076867063906,156.52528174706038,-119.74356542403198,258.0948315770703,229.66062789017812
3667,1.9095825594982312,-257.8990576501591,-2.0414266055908077,78.34029093837054,158.5079867382688,-122.43955790530107,257.8929511665851,233.52628659446745
3668,2.8703167122630933,-257.6016977823532,-1.9362194718288244,82.36380774945425,160.5836623708659,-124.55057758754124,257.5975626265061,237.41580582815186
3669,3.793891231037796,-257.2068250443394,-1.7639400474438356,86.57507412872776,162.5992994754488,-126.02189323978,257.2122830043664,241.17667479654236
3670,4.672996969599004,-256.71798176098736,-1.5259616540338297,90.881620887582,164.4097065366759,-126.81364359420823,256.73981645513345,244.66781901599387
3671,5.502386994241272,-256.13799295087153,-1.2245688749107404,95.19416313508971,165.880236782186,-126.89983305003099,256.18213715171305,247.7603752077509
3672,6.278576560975599,-255.46924642252645,-0.8630061048736922,99.42573617964521,166.88915550710783,-126.26700391834272,255.5407763030538,250.33806610045687
3673,6.999513329743421,-254.71405582847382,-0.4455153890010867,103.4907256156885,167.329629845972,-124.91271603438302,254.81719072109502,252.29729623521987
3674,7.6642384048602334,-253.87507927517427,0.02264358071191379,107.30397034111077,167.11132937969285,-122.84395910745138,254.01318580862062,253.54709128650015
3675,8.27255716722628,-252.95576353098892,0.5351968173527233,110.78011633232377,166.16163176658006,-120.07561092335531,253.13136333423773,254.0089960394348
3676,8.8247366541396,-251.960783226562,1.084885995273183,113.83338476146372,164.4264329400465,-116.62903669187838,252.17556376938848,253.61703144841488
3677,9.321243393630777,-250.89644526860866,1.6635263219042604,116.3778909661434,161.87056624281854,-112.53090288081583,251.1512738178689,252.31779105049273
3678,9.762532202176732,-249.77103069048425,2.2620924619919585,118.32861235353435,158.4778392462551,-107.81225434539535,250.06597175455664,250.0707334730831
3679,10.14889276696218,-248.59504929881493,2.8708319777614055,119.60305590319248,154.25070117013377,-102.50787800965844,248.92938627216665,246.84870262284159
3680,10.480357127832972,-247.38138672421644,3.4794051228745952,120.12362256375363,149.20955805155572,-96.65595131132294,247.75364870618057,242.63868153234762
3681,10.756667614944218,-246.14532872834755,4.077049051048648,119.82060997775464,143.39175734294068,-90.2979505301281,246.55332365879093,237.44276034947143
3682,10.977301514154842,-244.90445370480185,4.6527636117081945,118.63574028916103,136.85026857868704,-83.4787742973476,245.3453090225734,231.27927388270442
3683,11.141545904680221,-243.67839101294874,5.195515025080221,116.52604999857508,129.65209211299933,-76.24702217035805,244.14860299405106,224.18403992176465
3684,11.248613883866295,-242.48844972505782,5.694452934459419,113.46793748603993,121.87643350346715,-68.6553580270966,242.98394249433483,216.21160723839958
3685,11.297791750685505,-241.35712910507542,6.139135604631734,109.46113404841498,113.61268657217641,-60.76088365113292,241.87332403924106,207.4364034306269
3686,11.288605605712313,-240.30752831566218,6.519757332345059,104.53234844928157,104.95827311176113,-52.62544917431428,240.83942417367797,197.95365975595195
3687,11.220995284263145,-239.36267819299474,6.827371518181378,98.7383343492139,96.01639117041687,-44.31583349737446,239.90494183954047,187.87998490532382
3688,11.095483633809335,-238.54482216328407,7.054102469510126,92.16814473618307,86.89372640775484,-35.90373861147783,239.09188922048108,177.35346381281943
3689,10.913329814515928,-237.874676241693,7.193338980208806,84.94436673410328,77.69818177523622,-27.46555589792552,238.42086044643693,166.53317161283073
3690,10.676656410113225,-237.37069936803874,7.23990310600265,77.22317214876334,68.53667946191639,-19.0818788152716,237.91030886204356,155.59801613880015
3691,10.388541632002314,-237.04840504634095,7.190188320799223,69.19307125549297,59.513085578423784,-10.83675361433212,237.57586332226424,144.7448532348683
3692,10.053069818792983,-236.91974349038117,7.042262354214445,61.07231648503967,50.726302613425695,-2.816676614253943,237.4297123043975,134.18585515026342
3693,9.67533579150735,-236.99258043921787,6.795931385341302,53.104965305249976,42.268567702212785,4.890637937777955,237.48008172226588,124.14515043418108
3694,9.261401332724587,-237.27029465726034,6.452763806036085,45.555674118951025,34.22398672789194,12.197682131095359,237.73082834857138,114.85479088448001
3695,8.818204909803992,-237.75151103406307,6.01607339679451,38.70335400962793,26.66732573384449,19.018722999532713,238.18116583676303,106.55013420944063
3696,8.353428479626972,-238.429980418021,5.49086341740217,32.83387177343028,19.663072437004494,25.271460304801682,238.8255347274179,99.4647576013403
3697,7.875327529480295,-239.2946112096928,4.883734690731149,28.232023643757206,13.264772081891783,30.87871411658841,239.65362185536844,93.82503561053846
3698,7.392532246262842,-240.32965165155667,4.202762075202312,25.173042871810427,7.514633761925595,35.77008165893014,240.65052857191293,89.8445247770414
3699,6.913828796877035,-241.51501598354565,3.457344634579053,23.913924907312634,2.4433959601098647,39.883504635433695,241.79708145829682,87.71829802687425
3700,6.447930164686765,-242.82674243165354,2.658035310031629,24.684864881660378,-1.929566367688382,43.16669274706391,243.07027398482265,87.61736616779375
3701,6.003245881099856,-244.2375665332257,1.8163560753617476,27.681101401606963,-5.595916278740464,45.57835615111928,244.44382305349282,89.683315634786
3702,5.587659422408129,-245.7175897266028,0.944604498108663,33.05544864880351,-8.557838527019646,47.08920869753094,245.88882071617743,94.02328490799474
3703,5.208321168913216,-247.2350206307674,0.05565734315817532,40.911776160169275,-10.82736377617718,47.68271415879537,247.37445878325056,100.70539948188654
3704,4.871463801804954,-248.756965161925,-0.8372236562752551,51.299663585933025,-12.42556758209806,47.35555845181699,248.86880268696476,109.75478749211197
3705,4.582245939947661,-250.25024155248028,-1.720579380614421,64.2104178849772,-13.381680301353278,46.117841200700326,250.3395908184171,121.15030357315014
3706,4.344628756570846,-251.68219725901233,-2.580930423035074,79.57459514437097,-13.732144536059035,43.99298927378273,251.7550364247168,134.82209416215784
3707,4.161289297166859,-253.02150642189625,-3.4049404222723845,97.26112134004838,-13.519655093734553,41.01740277426256,253.08461078650032,150.65013946532702
3708,4.033573190792785,-254.2389287198194,-4.179562794747287,117.078058903912,-12.792212239610986,37.239850201330604,254.29978854409242,168.46390197214683
3709,3.9614882957524586,-255.30801286383274,-4.892168510603403,138.7750216456474,-11.60221220510953,32.72063400664477,255.3747384212411,188.04319625354609
3710,3.9437394871191853,-256.20573025681176,-5.5306533774327225,162.0472013256577,-10.005590010105196,27.530550441570245,256.2869448747063,209.12036961008042
3711,3.9778033063666713,-256.91302615819563,-6.08352478933906,186.54093572898378,-8.061019680721376,21.74966849249538,257.0177480397071,231.38385024201352
3712,4.060039617413385,-257.4152767911342,-6.53997016842258,211.8607197076593,-5.829167265693535,15.465952260645178,257.55279050164654,254.48308236579703
3713,4.18583580618717,-257.7026411465681,-6.889912067181812,237.57753502317604,-3.371984174859284,8.773750164559925,257.8823598307272,278.0348282612025
3714,4.349777498038606,-257.77029597037887,-7.124057465828016,263.23834836687263,-0.7520236510285877,1.7721738336460247,258.0016156349721,301.6307752886066
3715,4.545838402076655,-257.61854204191417,-7.233950548917228,288.3765957487062,1.9682374555482738,-5.43660962013385,257.9106895657232,324.84633932332196
3716,4.767580954728039,-257.2527700482781,-7.21203894184274,312.52343250224186,4.727085899017656,-12.749145750162745,257.61464691963374,347.250502522543
3717,5.008359163582294,-256.683275917322,-7.0517631651023835,335.21948049232805,7.464275621173958,-20.062491175397014,257.1233000204174,368.4164620050197
3718,5.261515600527921,-255.924919180662,-6.74767801621971,356.026749663998,10.121746395009732,-27.27600738323279,256.45086723606084,387.9327985695105
3719,5.520565811566599,-254.99662431420467,-6.295612504651361,374.5403550976162,12.64434761298681,-34.29311067205834,255.61547782141247,405.4148059776548
3720,5.779365155796962,-253.92073391592555,-5.692871482585004,390.39960161908283,14.980550572354659,-41.02293582629002,254.63853164307133,420.5155598734224
3721,6.032254754695949,-252.72223312527478,-4.938477037185655,403.29797607872143,17.0831291012775,-47.381870008613234,253.54393333979465,432.9362615581645
3722,6.274184497925005,-251.4278754736556,-4.0334412384731,412.9915828321355,18.909788680117224,-53.29491465540712,252.35723120471712,442.4353759414675
3723,6.500811940542182,-250.0652498967491,-2.981054680323013,419.30558839780514,20.423727929242094,-58.69683689522371,251.1047005511152,448.8361027751897
3724,6.708576644687746,-248.66183561399183,-1.7871685244865572,422.1383100792271,21.594122100559005,-63.53307802614901,249.8124181923138,452.0317790150834
3725,6.894750148012763,-247.24409499464474,-0.46044261932111047,421.4626887741075,22.396524179670262,-67.76039468242699,248.50537790855566,451.9889059259165
3726,7.057462165981243,-245.83665386158438,0.9874704228573644,417.3250216362825,22.813183673570848,-71.34721821226339,247.20669586944888,448.74762057466893
3727,7.1957037640272565,-244.46161390744257,2.5418350044404328,409.8409851817949,22.83328503377792,-74.27372894610103,245.93694995652572,442.4195769785294
3728,7.309308203240213,-243.13803338495796,4.184862341279489,399.18914072495295,22.45310663221311,-76.53165351284206,244.71368825578605,433.1833541443626
3729,7.398910264616722,-241.8816006734056,5.8958793395532965,385.6022674286584,21.676097641633405,-78.12380395489991,243.5511304522462,421.2776521608837
3730,7.465885300651321,-240.70451171071946,7.6516454722868295,369.35699980643676,20.5128649717503,-79.06338612718693,242.46007248139227,406.9926593584829
3731,7.512269994755825,-239.6155478579057,9.426814510367286,350.7623441546044,18.981056874164807,-79.37311136206682,241.44799072991842,390.66006132764034
3732,7.540667588934374,-238.620336851295,11.19452560278863,330.1477035279053,17.10512555917836,-79.08414975135076,240.5193284734103,372.6422080608615
3733,7.554140990136784,-237.72176730263715,12.927097325702105,307.851049554977,14.915949894535277,-78.23496587278972,239.67593512261675,353.3209559443842
3734,7.556097657248495,-236.92051763889864,14.596790291252967,284.20784257688496,12.450302408058059,-76.87007852181715,238.91761907703693,333.0866610113455
3735,7.550170500994699,-236.2156540116761,16.176599293894625,259.54122441249757,9.750152886956368,-75.03878507325024,238.2427682173473,312.32773017605626
3736,7.540099166475771,-235.6052489134838,17.6410346607215,234.15389862147268,6.861812962103563,-72.79388855320443,237.6489888265558,291.42105399581345
3737,7.529615981307969,-235.0869732088324,18.966854073313645,208.32198148749853,3.8349400746560156,-70.19046147500934,237.13371435479993,270.72356251944024
3738,7.522340473549851,-234.6586189196902,20.133710244098793,182.2909642626451,0.7214325787555095,-67.2846752976423,236.69473992929093,250.5650729011015
3739,7.5216856323897385,-234.31851792598994,21.12468601819698,156.27378505404891,-2.4257417761044664,-64.1327185287903,236.33064642239816,231.2425335954315
3740,7.530778102604036,-234.06583199271407,21.92669613448851,130.4508780505772,-5.553735566941651,-60.78982059893912,236.04108844482028,213.0157104622665
3741,7.552393499408084,-233.90070125667194,22.53074336188955,104.97195782222444,-8.61097996892912,-57.30939311721665,235.82693281625953,196.10430108904825
3742,7.5889071495660145,-233.82425037952925,22.932025466020228,79.95921375973718,-11.548265435840433,-53.74229520397283,235.6902467081444,180.68640581341023
3743,7.642259818361837,-233.83846281293276,23.129897926344164,55.51153779703676,-14.319706057477203,-50.136225322316875,235.63414649882745,166.89823296580172
3744,7.713937356414862,-233.9459429792718,23.1277049247253,31.70938782186118,-16.883558902165255,-46.53523837946891,235.66252830026934,154.83487900115028
3745,7.804962704025468,-234.1495929491066,22.93249730772636,8.619897702342566,-19.202880925528618,-42.97938384742659,235.77970832938846,144.552006082393
3746,7.91589831242283,-234.4522341213985,22.554660567164415,-13.698121001634865,-21.24601716405332,-39.504458280209725,235.99000548309226,136.06824046402048
3747,8.046856732094588,-234.85620559378762,22.007478098046356,-35.189585810475684,-22.986923699130582,-36.14186383310476,236.297299719412,129.36813104310022
3748,8.197516858330708,-235.36296969913778,21.30665496710219,-55.79918963806243,-24.405336330741648,-32.918563121792246,236.70459850884743,124.40553262433582
3749,8.367143234145903,-235.97275200884906,20.469825358251907,-75.46824163668165,-25.486800589703044,-29.85711994673222,237.2136401744973,121.10730533858708
3750,8.554606135215225,-236.6842384263401,19.5160633084039,-94.13238242596871,-26.222580820472842,-26.975815035099142,237.82455792451833,119.37724256647884
3751,8.758401001903767,-237.49434634150467,18.465412037652296,-111.72018658680237,-26.60946629075996,-24.288825926719234,238.5356223877462,119.10014873071269
3752,8.97666687799011,-238.39808067603653,17.33844272575366,-128.15261184188546,-26.649491533437992,-21.806460272973922,239.3430740082246,120.14598413167042
3753,9.207204445149417,-239.38847939417585,16.15584934121478,-143.34321711355128,-26.349587140611465,-19.53543198227083,240.24105010915378,122.37398157074027
3754,9.447494830829756,-240.4566470684139,14.938082298954706,-157.19905078152863,-25.721176387521236,-17.479169801434185,241.22160518635948,125.63662795056477
3755,9.69472074421818,-241.59186985813184,13.70502059236836,-169.62210410502476,-24.77973236086274,-15.638148126989906,242.27481753765707,129.78340152951566
3756,9.945791814188963,-242.7818012219075,12.475679993256854,-180.51122975941973,-23.544309436422104,-14.010230179970515,243.38897114430907,134.66416537430717
3757,10.197376224626424,-244.01270504191987,11.26795417591397,-189.76443781392067,-22.037061685432462,-12.591014218388542,244.55079900597804,140.13213824682708
3758,10.445940680242298,-245.2697415290344,10.098386076247204,-197.2814969535627,-20.28275893178956,-11.374174211424167,245.74577281340552,146.0463915006191
3759,10.687800254981793,-246.53728114116404,8.98196801798787,-202.9667832330095,-18.30830879833023,-10.35178732120869,246.9584237326085,152.27384983283906
3760,10.919178824018553,-247.79923264899293,7.931970686202919,-206.73232877725886,-16.142290397124555,-9.514641615707207,248.17268000719773,158.6908008152809
3761,11.136279738627193,-249.03937320544722,6.959802610276877,-208.50102635526048,-13.814502628944513,-8.852518716809017,249.37220883353504,165.18393997501963
3762,11.335365341353263,-250.24167043793892,6.074903152604846,-208.20994168730755,-11.35552765026518,-8.354447635500845,250.54075214136716,171.65099307055783
3763,11.512842958656119,-251.3905888062741,5.28467270248946,-205.81367412824574,-8.796308193915435,-8.008927852907334,251.66244813478787,178.00096474795757
3764,11.66535426098347,-252.47137453852827,4.5944435520088485,-201.28768968380425,-6.167736307789738,-7.80412165846316,252.7221324989405,184.15406385801006
3765,11.789864417638931,-253.47031526696128,4.007493816620673,-194.63153074478407,-3.500250906819764,-7.728017685838636,253.70561496239225,190.04135215912277
3766,11.883747277536521,-254.37497197223772,3.5251050864799187,-185.87178744373855,-0.8234424660663547,-7.768569320001527,254.5999283731223,195.60415712397054
3767,11.944862807042963,-255.17438200899537,3.146662633576165,-175.06469910461857,1.8343348008126652,-7.9138129936700725,255.39354860719865,200.79328329683295
3768,11.971623164472161,-255.8592328883028,2.86979518433749,-162.29824345677866,4.446340095522238,-8.151972130592908,256.0765845443154,205.5680519479642
3769,11.963044103702064,-256.42200718520627,2.6905495724684116,-147.69356809959655,6.987806125551757,-8.471552441216359,256.6409380666338,209.89519689875024
3770,11.918778945594388,-256.85709942056656,2.6035940812459364,-131.40562440295093,9.43627260663375,-8.861433345226748,257.08043456670373,213.7476459506131
3771,11.839133171103482,-257.1609059496562,2.602443101990988,-113.62287925081257,11.771880951819877,-9.310958513374034,257.39092470003425,217.10322238036403
3772,11.725058714759614,-257.331888620786,2.6796949839969724,-94.5660049335769,13.977615900232752,-9.810026063256055,257.57035792863866,219.94330908618133
3773,11.578128171347762,-257.3706121569026,2.82727465932819,-74.48548177956985,16.03947879893277,-10.349176203451867,257.6188276794209,222.25152843365868
3774,11.400490288134947,-257.279753985538,3.0366727901656008,-53.658090960831814,17.946577622156468,-10.919671706727119,257.53858680539753,224.01250247016608
3775,11.194809182020467,-257.06408386865206,3.299173771845503,-32.38232481522984,19.691121069105822,-11.51356514860273,257.3340307527966,225.21076920648042
3776,10.964190511003332,-256.7304094088054,3.606065812335003,-10.972796665662916,21.268308546078064,-12.123746770014288,257.01164463649235,225.82993866413688
3777,10.7120982103006,-256.28748257065087,3.948827305959556,10.24621184263816,22.676114441910915,-12.743968096720282,256.57990953874423,225.85217404085108
3778,10.442265423484603,-255.74586210819177,4.319284667116,30.947874673670107,23.914973240821162,-13.368838681690693,256.0491631228157,225.2580746250065
3779,10.158603075726095,-255.1177276163598,4.709737711146683,50.810379657442155,24.987380603165114,-13.993795917323068,255.43141049128783,224.02701430821818
3780,9.865109236906315,-254.4166430299813,5.113049806773491,69.52464997485437,25.897433316837713,-14.615050112882438,254.74008333095907,222.13795158952587
3781,9.56578198260269,-253.6572706306291,5.522701658229174,86.80193808846913,26.650336883017367,-15.229508354716694,253.98974863739724,219.57067769282486
3782,9.264537863827684,-252.85504050920886,5.932809764046504,102.38099753355385,27.251912714887,-15.83468076612351,253.19577222241355,216.3074177894995
3783,8.965137419208249,-252.02578431853578,6.33811308393983,116.03455021592222,27.708137107070588,-16.428571864509454,252.3739461220135,212.33465697088806
3784,8.671118539263789,-251.18534548719222,6.733933787532084,127.57479438278685,28.024741166838407,-17.009558468606613,251.54009238223009,207.6450353421444
3785,8.385738043023785,-250.34918059858384,7.116119777945353,136.85773977243596,28.2068949697405,-17.576254913158994,250.70965824137875,202.2391483793494
3786,8.111921628268297,-249.53196836272764,7.480977756827604,143.78620944460192,28.25899082840823,-18.127366812996787,249.89731944250335,196.12709867916863
3787,7.85222239726019,-248.74724353455935,7.8252058031872735,148.31140961978988,28.184530562573997,-18.661536386981663,249.11660931128978,189.32967058638772
3788,7.608788335012442,-248.0070731083083,8.145833756277113,150.43303610358112,27.986111078699704,-19.177184978443293,248.37959116853912,181.87903605679807
3789,7.383339313374505,-247.32179087943754,8.44017826308732,150.19795461847917,27.665492619757927,-19.672361157430835,247.69659034958252,173.81894400733984
3790,7.177154335188058,-246.6998038378073,8.705817389163201,147.69755828021303,27.22372600213901,-20.144604938687515,247.07599940279894,165.20439140173556
3791,6.991069720557782,-246.14747988526364,8.940587334626747,143.0639641115371,26.661310156043257,-20.590839734657475,246.5241659842683,156.10081746144425
3792,6.825488673209649,-245.66912133454412,9.142601093977058,136.46525790651407,25.978350090410466,-21.007303506711363,246.04536783210585,146.5828982760598
3793,6.680402170321044,-245.2670230055688,9.310285945114686,128.1000299041094,25.174688201047793,-21.389529163010575,245.64187345668176,136.73304438031548
3794,6.5554205341987295,-244.94160810260294,9.442433761059746,118.1914607111571,24.249988155951293,-21.732381669312755,245.31408144350067,126.63971656860403
3795,6.449814490865541,-244.69163011687706,9.538255866078165,106.981217024814,23.20375939012789,-22.030155820387115,245.06072623460602,116.3956749085746
3796,6.36256403557939,-244.5144253318501,9.597433098538687,94.72340052239534,22.03532022521042,-22.276734489544044,244.87913453075387,106.09626413310595
3797,6.292413006855815,-244.40619839640073,9.62015218530676,81.6787628548863,20.743707538287058,-22.46580274402556,244.76551434333572,95.83781893527315
3798,6.237926934799473,-244.36232283919912,9.607121306087523,68.10935851777657,19.327549650490187,-22.591108764632676,244.7152581908548,85.71624987091162
3799,6.197551539928844,-244.37763912965798,9.559560366009713,54.273760087662865,17.784925763437766,-22.646758362267352,244.7232427717132,75.82584853355517
3800,6.169669314349906,-244.44673474061733,9.479164533209827,40.42291186619433,16.113239094879514,-22.627526460279107,244.7841094281851,66.25833119841437
3801,6.152651967653884,-244.5641934020746,9.36804268080512,26.796652836034486,14.309131385279946,-22.52916665517351,244.89251259401928,57.102123103805496
3802,6.144907088774056,-244.7248040339319,9.228635200677378,13.6209013038498,12.36846357923453,-22.348699182907893,245.04332685016934,48.441870283120636
3803,6.144918011228045,-244.92372333638855,9.06361793955458,1.1054634948492557,10.286381567426675,-22.084658369404476,245.23180680817754,40.3581523358566
3804,6.151276473791828,-245.15658933752098,8.87580045204192,-10.557592877979225,8.05747762637918,-21.737282833320446,245.4536974252004,32.92735844686474
3805,6.1627082214028475,-245.4195860478708,8.668027099370612,-21.195071969530197,5.676048606718049,-21.30863515539328,245.70529522428407,26.221681159531045
3806,6.178092157540997,-245.70946159822958,8.4430886601282,-30.653367780916632,3.136442113404373,-20.802642150164168,245.98346309839243,20.30917818229176
3807,6.196473968819147,-246.0235038805833,8.203650333173789,-38.79884468699224,0.43347298750302143,-20.225051879529087,246.2856029685434,15.25385151025323
3808,6.21707527786896,-246.3594789075649,7.952199828533185,-45.517954778894996,-2.4371147420380797,-19.58330868279461,246.60959169461984,11.115694730754125
3809,6.239299378133501,-246.71553793833908,7.6910171069427875,-50.717160344012996,-5.47817000555636,-18.88635231923848,246.95368640031194,7.950663067202162
3810,6.262734443189696,-247.09009991066594,7.4221654495552984,-54.322722936341286,-8.690672574563463,-18.144351447351188,247.3164057985396,5.810526408187562
3811,6.287154710403301,-247.48171591072364,7.147501987897486,-56.28041362493519,-12.073317716827791,-17.368384843711716,247.69639423231942,4.742573454332998
3812,6.312519547015698,-247.88892241787354,6.868704638934805,-56.55519252246126,-15.622175615793383,-16.57008586289979,248.09227509438284,4.78914525922892
3813,6.338969739220795,-248.31009004252286,6.587311545358309,-55.13089942048532,-19.330448451168134,-15.761266616497686,248.50250022306307,5.986988411408674
3814,6.366820074655764,-248.74327455114624,6.304768537505444,-52.00999072935988,-23.188341446249517,-14.953538258991093,248.92520191605556,8.366430884560039
3815,6.396547417120495,-249.1860771398885,6.0224798026105395,-47.213350178803296,-27.18305671032351,-14.157942798986907,249.35805435694198,11.95039577872152
3816,6.428773875195764,-249.63552108138958,5.7418569857691555,-40.78019111215967,-31.298910933224022,-13.384610292160188,249.79815141742526,16.753278406411887
3817,6.464245141627149,-250.08795193362474,5.464362454721443,-32.76805611441766,-35.517570455144515,-12.642453388171864,250.24190788467754,22.779719613042786
3818,6.503804491879696,-250.53896836313018,5.191543350921472,-23.25290493734794,-39.81839041413789,-11.938909163585398,250.68499106052988,30.023313075366996
3819,6.548363228813671,-250.98339014003272,4.925054094122385,-12.329264532636909,-44.17883901196526,-11.2797360444439,251.12228922062894,38.46528784484891
3820,6.598868543524982,-251.4152688740987,4.666666034015503,-0.11039636061516327,-48.57498381971556,-10.668871425677976,251.5479224663587,48.073211110051396
3821,6.656269840551118,-251.82794557871438,4.4182638917025026,13.271582575213055,-52.98201469056067,-10.108353331947118,251.95530004759536,58.79976085053345
3822,6.721484567905477,-252.21415727863197,4.181829464412456,27.66570551194428,-57.37477727350807,-9.598307145498621,252.33722638489084,70.5816235122842
3823,6.795364555747875,-252.56619275269716,3.9594137367316486,42.902382400652904,-61.72829222469316,-9.13699611754116,252.68605591121138,83.3385772068912
3824,6.878663890942216,-252.87609526501768,3.753099057903416,58.7939487803749,-66.01823787546357,-8.720932227830044,252.99389462933695,96.9728253410239
3825,6.9720094783918585,-253.13590788585108,3.5649534198707364,75.13563970151058,-70.22137819839301,-8.345042144564882,253.2528440425497,111.36864834508269
3826,7.07587559619671,-253.33795472641003,3.396979072176211,91.70708458064531,-74.31592314643919,-8.002881714249693,253.45528085110118,126.39244174947254
3827,7.190563809061038,-253.47514902562628,3.251057735252984,108.27440422498447,-78.28181435997185,-7.686891675955843,253.5941634272708,141.8932066542585
3828,7.316189466767006,-253.54131651222522,3.128894618535418,124.59296910394086,-82.10093517458385,-7.38868718004498,253.6633535667953,157.70355285269437
3829,7.452675676715328,-253.53151995139737,3.031963433950955,140.41084910496835,-85.75724904062656,-7.099374127293798,253.65793949486354,173.6412645373179
3830,7.599755150609092,-253.44236850834818,2.9614546509103943,155.4729507645331,-89.2368741964476,-6.809886107741983,253.57454381907976,189.511462778809
3831,7.7569797239955385,-253.272293814509,2.918229279639748,169.5257998405892,-92.52810437611724,-6.511336420159262,253.41159836340162,205.10937743920178
3832,7.923736682521417,-253.02177375926067,2.9027803321798893,182.32288655826,-95.62138558946933,-6.195379797619694,253.16956693887877,220.22371417607866
3833,8.099270437679445,-252.69348543047792,2.9152036512775,193.63044914305564,-98.50925802342542,-5.85457762067546,252.85109749135532,234.6405706453717
3834,8.282707784081358,-252.2923706190646,2.955179023060161,203.2335295113296,-101.18627033904401,-5.482758411016044,252.46108704669123,248.14782122600914
3835,8.473085050932417,-251.82560108491282,3.021961608997251,210.94209478414496,-103.64887131063033,-5.075362509880385,252.00664665372037,260.53985320211893
3836,8.669375806698298,-251.30243628968,3.1143830493896045,216.596982195525,-105.89528089972829,-4.6297566842120155,251.49695903747076,271.62250169408327
3837,8.870518110914801,-250.73397307228836,3.2308613061088356,220.07539688631206,-107.92533961341718,-4.145501814526417,250.94302845013604,281.21799935511797
3838,9.075440451123677,-250.1327940285216,3.369418432489448,221.2956769236744,-109.74033192309498,-3.624555578159202,250.35732949272446,289.16973483807084
3839,9.283085510836296,-249.51252843865836,3.5277058863796356,220.221042415121,-111.34277760954232,-3.071392605705901,249.7533687612591,295.34660635693325
3840,9.492430985664184,-248.88734590592048,3.703037634673494,216.86206885107728,-112.73618522984525,-2.4930270515829176,249.14517949421005,299.6467668401561
3841,9.702506953507,-248.27140792646088,3.892431961882684,211.2776691218288,-113.9247651429171,-1.8989267261393727,248.54677446800852,302.0005858632464
3842,9.912409797749952,-247.6783059908229,4.09266332128342,203.57443154124553,-114.9131055721332,-1.3008135418544597,247.97158578143012,302.3726983769744
3843,10.121313219792095,-247.12051630053764,4.3003255282759945,193.90423822683053,-115.70582305918919,-0.7123514994092044,247.4319216613445,300.7630665951947
3844,10.328477255124529,-246.60890073832152,4.511907016328107,182.46017395440828,-116.30720683803708,-0.14873013442521674,246.93846997111072,297.2070435645718
3845,10.533256276643199,-246.15228140002162,4.72387780843488,169.47082453841935,-116.7208835086587,0.3738423786451675,246.49987574883065,291.7744889967773
3846,10.7351067034574,-245.7571118802895,4.932786451948323,155.1931503304262,-116.9495325843539,0.8387169534709575,246.12241594555493,284.5680441555934
3847,10.933594629158721,-245.42726278940995,5.135363641399569,139.90419901996532,-116.99468414908787,1.229428666222698,245.8097887657287,275.72071740977265
3848,11.128402991097893,-245.16393198324803,5.328627821566425,123.89198707489298,-116.85662664316739,1.5303432913021113,245.56302795823876,265.3929602968419
3849,11.319337363840056,-244.9656822307641,5.509986874425302,107.44592588971365,-116.53444589081002,1.7272986750013961,245.38054459310473,253.76942142882916
3850,11.506329079726054,-244.8286012480322,5.677329186740411,90.84719326490828,-116.02620657300164,1.8082151967851152,245.25829101865423,241.05555053616638
3851,11.689434230704284,-244.74657196242887,5.829097104631549,74.35945142836648,-115.32927548327199,1.7636518009007376,245.19003460346755,227.4741898088503
3852,11.868827248529989,-244.71163513268496,5.96433608153917,58.22029005398541,-114.44077337231249,1.5872873009831907,245.16772313075603,213.26224195010826
3853,12.044788174391625,-244.71442236062455,6.0827137547323105,42.633729599853275,-113.35813035618743,1.2763105273453093,245.1819196555807,198.6674547575498
3854,12.21768323735838,-244.74463517093062,6.184504793585905,27.764061494361314,-112.07970998157852,0.8317071608782768,245.2222823371599,183.94532037276784
3855,12.387938775297185,-244.79154514489878,6.270539585284154,13.731232793788738,-110.6054600834974,0.25843558659734817,245.2780641471099,169.35605890324058
3856,12.556008888766495,-244.84449094378937,6.3421174176361825,0.6079094157311868,-108.93754514549293,-0.43451142597270753,245.3386082923254,155.16164143807663
3857,12.72233772518307,-244.89335030219934,6.4008875740821765,-11.581721221301503,-107.08091522016574,-1.2341582825533066,245.39381753784443,141.622804284371
3858,12.887318004341966,-244.92896849119398,6.448704527164019,-22.861416337371764,-105.04377051770945,-2.1237070844634154,245.4345791506669,128.9960115043431
3859,13.05124807527315,-244.94352886892585,6.487465835640769,-33.300682526204675,-102.83788813449057,-3.082800650020316,245.4531314078651,117.53033369246279
3860,13.214290136060507,-244.930855279472,6.518942839499586,-43.01104107192235,-100.47878725527835,-4.087880663132348,245.44336180899222,107.46422502565513
3861,13.37643220767764,-244.88663974704536,6.544614469621394,-52.14091781399448,-97.98572026979316,-5.112633546348979,245.40103081029454,99.0221961903607
3862,13.53745622347039,-244.80859205876612,6.565513624073391,-60.869353993200924,-95.38148821511899,-6.128516723094982,245.32391799399545,92.41139681385587
3863,13.696914322328814,-244.69651054958652,6.582094116289095,-69.39875897718652,-92.69208874114503,-7.105357308697681,245.21189024004963,87.81813711370401
3864,13.854115085331957,-244.5522757735524,6.594124619122512,-77.94694369003157,-89.94621294364292,-8.012013638497848,245.06689376660594,85.40439451988414
3865,14.008120959538028,-244.37977076277355,6.600614465411029,-86.73868584938761,-87.1746139459373,-8.817087665115535,244.89287384619396,85.30436684070327
3866,14.157757482384403,-244.18473324240344,6.5997745368952705,-95.99708515904972,-84.40937517765019,-9.489673628434561,244.69562759142542,87.62114870453017
3867,14.301634277230598,-243.97454655899344,6.589014692691405,-105.93496858370202,-81.6831098728594,-10.000125879091401,244.4825965150645,92.42362178275756
3868,14.438177287468664,-243.75797725661852,6.564977337469548,-116.7466027009831,-79.02812522820957,-10.320826512065771,244.2626066794802,99.74366071827134
3869,14.565671369349705,-243.54486817480628,6.523605037114454,-128.59996157498855,-76.47558483905357,-10.426931744310354,244.04556513737091,109.57376470937731
3870,14.682312020882597,-243.3457966347544,6.4602387400317856,-141.62978415847016,-74.05470157343736,-10.29707501062401,243.84212201302483,121.8652283913737
3871,14.786264582114043,-243.171707848539,6.369742141774515,-155.93163449875718,-71.79199018973937,-9.914004768573573,243.66330809869876,136.52696426881693
3872,14.875728765432315,-243.03353425858015,6.246646934170716,-171.55715080195995,-69.71060503522665,-9.265136106404235,243.5201583760332,153.42508194325956
3873,14.949005978555507,-242.94181205317219,6.085313111447148,-188.51063582603356,-67.82978335386076,-8.34299745675966,243.4233323875347,172.38331642163152
3874,15.004566669679049,-242.90630645578588,5.880098254380537,-206.74710166410773,-66.16440933550705,-7.145556919384484,243.38274273238844,193.1843787690148
3875,15.041114899846885,-242.9356574357262,5.62552980727857,-226.17183775848548,-64.7247082751099,-5.6764166076135805,243.40720303226178,215.5722774676646
3876,15.057647493240383,-243.0370571824572,5.3164747594823085,-246.64152343818594,-63.516074275996225,-3.9448677189305426,243.50410645087976,239.2556286984864
3877,15.053505324449956,-243.2159699670567,4.948301767715126,-267.96685727478877,-62.53902906434748,-1.9658034486630311,243.67914518999254,263.911939642354
3878,15.02841451325991,-243.47590382574722,4.517031474319008,-289.91662717524264,-61.78930401177676,0.24050871147965575,243.9360802593725,289.1928126778527
3879,14.982515541170368,-243.81824187283058,4.019471461970462,-312.22309938844506,-61.258032762912364,2.648789446775975,244.27656925578566,314.7299821840069
3880,14.916378659337182,-244.2421391057871,3.453332918457806,-334.58856324945265,-60.932038260332064,5.229235025409022,244.70005801043976,340.1420615957709
3881,14.83100451048803,-244.7444884372113,2.817326697864634,-356.69283291583395,-60.79419567520421,7.9481163041304255,245.2037399161336,365.04184811202344
3882,14.727809623331536,-245.31995748821254,2.1112370672751113,-378.20147854724274,-60.8238518856813,10.768473132404472,245.7825846347472,389.0440072661073
3883,14.60859719248672,-245.9610955037434,1.3359720337608632,-398.77453790441837,-60.99728265696929,13.650885725645786,246.42943579800067,411.77294020865605
3884,14.475514193243304,-246.65850766633918,0.49358974065277644,-418.0754454132641,-61.2881704175994,16.55430295789371,247.13517530196057,432.87062340597345
3885,14.33099642622003,-247.40109210344335,-0.4126990780502166,-435.7799093717638,-61.66808826133585,19.43690651093366,247.88894986954173,452.00420368867736
3886,14.17770357969846,-248.17633298250615,-1.378552260514197,-451.5844691455903,-62.10697921235057,22.25698942615068,248.67845369366032,468.87313129691177
3887,14.018446772331325,-248.97064125071577,-2.3985404751991144,-465.2144729121263,-62.5736234810551,24.973827770353648,249.49025915642747,483.21561988558636
3888,13.856111274682235,-249.76973281878375,-3.466213893531762,-476.4312328334171,-63.036090025831044,27.54852466907381,250.31018586291796,494.8142355518877
3889,13.693577279523254,-250.55903234567734,-4.574190370002367,-485.0381385493505,-63.46217195782872,29.94480670423545,251.1236965724894,503.50043704273344
3890,13.533641705664424,-251.32408930642924,-5.714263897763448,-490.88554159204955,-63.81980807191398,32.12975358193481,251.9163071108582,509.1579165558668
3891,13.378943978973936,-252.05099183634456,-6.877531767591853,-493.87426251997425,-64.07749499944892,34.07444317835263,252.67399611552565,511.7246249161762
3892,13.231898483872023,-252.7267631434874,-8.054538617290257,-493.95761869055735,-64.20469601974418,35.75449575997406,253.38359970503492,511.1934059700667
3893,13.09463597792642,-253.33972528875333,-9.235435434755834,-491.14192258570245,-64.17225319132322,37.150503496698256,254.03317609419807,507.61121186964965
3894,12.968955805994044,-253.8798159905153,-10.410151482659275,-485.4854568114211,-63.95280890574093,38.24833442417247,254.61232594916166,501.07692195760353
3895,12.856290310346665,-254.33884583133252,-11.568576954997887,-477.0959899997221,-63.5212410597766,39.0393037903235,255.11245590419142,491.73784100225834
3896,12.75768242868775,-254.71068575358487,-12.700753902109632,-466.12695501179434,-62.855112812942586,39.52021016476221,255.52697507338723,479.7850048315629
3897,12.673777019868849,-254.991377910909,-13.797072516689152,-452.7724638869663,-61.93513357957162,39.69323856650152,255.85141746219514,465.44746987037894
3898,12.604825810446139,-255.17916661954874,-14.84846921270252,-437.26137954847906,-60.7456228563739,39.56573782634827,256.0834867342503,448.9858044146467
3899,12.550704993031477,-255.27445010480932,-15.84662202408158,-419.85069915323174,-59.27496309088627,39.14988406443022,256.2230235931696,430.685030520407
3900,12.510943646792784,-255.27965770333316,-16.784137686900415,-400.81852546045735,-57.51602245732034,38.46224615086923,256.2718998467659,410.84728349265146
3901,12.484760580428798,-255.19906085689018,-17.654723515249266,-380.4569088095195,-55.46652364067869,37.52327198199003,256.2338467525,389.78445930753804
3902,12.471107046929925,-255.03852930022111,-18.45333635431397,-359.0648324020838,-53.12933123820901,36.35671611267561,256.1142282186782,367.81110817607885
3903,12.468712983105924,-254.80524607187672,-19.176301046777485,-336.9415879922641,-50.51262898300879,34.98902966498311,255.91977165559595,345.2378054785472
3904,12.476134823898692,-254.50739630496005,-19.821392004493323,-314.3807495846671,-47.62995939845879,33.44873255985152,255.65827067128282,322.36519152619087
3905,12.491803363509163,-254.1538452689223,-20.3878731268977,-291.66490243688366,-44.50010311050653,31.76578621271058,255.33827443255274,299.4788224169763
3906,12.514070473209774,-253.75382088284903,-20.876493007907026,-269.06122773219874,-41.14678283245497,29.970982229997198,254.9687783820123,276.8449199222394
3907,12.541253708716999,-253.31661481870577,-21.289434125559616,-246.8179844895481,-37.59818744511623,28.09535968636498,254.55893003620662,254.70705340147043
3908,12.571677987195462,-252.85131430879514,-21.630216704100704,-225.1618744119624,-33.88632360801806,26.169660522290286,254.11776175954802,233.28373536565232
3909,12.603713670591773,-252.3665740479663,-21.90356017767949,-204.2962267832851,-30.046214647816036,24.223829698592713,253.65395989750067,212.76686797275937
3910,12.635810602679708,-251.8704344792141,-22.115207483707348,-184.39990266923607,-26.114977753591365,22.286564187942325,253.17567678219413,193.32094312166936
3911,12.666527849736921,-251.37018956347,-22.271719603002825,-165.62679286077332,-22.13081963640785,20.38491284263584,252.69038916289364,175.08287575471738
3912,12.694558999616016,-250.87230404799462,-22.380249715317134,-148.10577324492735,-18.131996934611553,18.543927729355403,252.20480373031313,158.16233943391714
3913,12.718752874595776,-250.38237741314967,-22.448307830446456,-131.9409843901417,-14.155790228618484,16.786366651246652,251.7248077257024,142.642475205185
3914,12.738129459781804,-249.90514923885723,-22.48352744039429,-117.21231768724186,-10.237539364836147,15.132446203372481,251.25546026838393,128.58085813387268
3915,12.751890775293072,-249.44453882553984,-22.493445362258974,-103.97601587924667,-6.4097830273497145,13.599644672496282,250.80101811439323,116.01062851036461
3916,12.75942638390768,-249.00371067050565,-22.48530457120582,-92.2653278105729,-2.701537659116677,12.202554179933161,250.364988224801,104.94172343278207
3917,12.7603133380208,-248.5851569693918,-22.4658877661462,-82.09119169286458,0.8622592074359012,10.952781481544935,249.9501989392185,95.36217542889592
3918,12.754310664819108,-248.19078871866557,-22.441386933157993,-73.44295389699,4.261127311275922,9.858896684942257,249.55888178010696,87.23947386927473
3919,12.741348815469152,-247.82202809644346,-22.417311390330585,-66.28915734532247,7.479241021562902,8.92642883638493,249.1927568187676,80.52200832728298
3920,12.721514662008184,-247.4798962963864,-22.3984338858993,-60.57845199872492,10.505453364590334,8.157906958550099,248.85311581944944,75.14062785363728
3921,12.695032559548983,-247.1650925673695,-22.388771709088044,-56.240688048649645,13.333163235160448,7.552944785443238,248.5408987545204,71.01035490846148
3922,12.662241817232047,-246.87806168297868,-22.391597939063388,-53.188250034328696,15.960049110215584,7.1083671950505245,248.25676060143925,68.03228777919784
3923,12.623570828572403,-246.6190483995536,-22.409477006434184,-51.3176782539397,18.38769695993962,6.818376156556677,248.00112657742875,66.09571286090686
3924,12.579508229574044,-246.38813868194447,-22.444318367449856,-50.51160443938676,20.621151867862977,6.674753779296898,247.77423514854505,65.08043155423218
3925,12.53057175719105,-246.1852885515758,-22.49744196497661,-50.6410041101777,22.668422301514077,6.667099632065369,247.57616921289195,64.85928896133929
3926,12.477275861881553,-246.01034225635743,-22.569649223866215,-51.567740923899805,24.53996344484815,6.783098785943469,247.40687671305417,65.3008746463026
3927,12.420099508840588,-245.86304199236434,-22.661293781507137,-53.147351411638454,26.248162054886055,7.008815992062898,247.26618251241433,66.27234926639885
3928,12.35945590407771,-245.74303158745928,-22.77234713112451,-55.23199440288203,27.806840489604035,7.329010108458151,247.15379364961393,67.64233427126953
3929,12.295665964361925,-245.64985641931221,-22.902455779901935,-57.67347057107794,29.230792390286975,7.727461540037887,247.06930008298954,69.28378589303233
3930,12.228937120173509,-245.58296146241514,-23.050988162543153,-60.32620564532435,30.535357471319994,8.187304367341689,247.01217280202715,71.07676183125484
3931,12.159348570316292,-245.54168884218547,-23.217071151963612,-63.050086984745356,31.73603842185401,8.691354300525783,246.98176079458983,72.91098229001344
3932,12.086843576665315,-245.52527573542812,-23.399617357676384,-65.71304768663627,32.84815943966649,9.222423713951837,246.97728791899144,74.6880881652076
3933,12.011228949012667,-245.5328529661716,-23.597345361041874,-68.19330475443293,33.88656364563422,9.763615714549632,246.99785030309457,76.3235084893809
3934,11.932181583159075,-245.56344419286566,-23.808795543577315,-70.38117701180859,34.865345609515536,10.298590309475783,247.04241446625753,77.74786585368793
3935,11.849261753442159,-245.61596517370697,-24.032344176641306,-72.18043284535347,35.79761526968369,10.811797100183592,247.10981593753277,78.90787089260432
3936,11.761932729271333,-245.68922233692078,-24.266218006350933,-73.50914555776706,36.695290309277325,11.28867039956916,247.19875783002124,79.7666830684292
3937,11.669586071838813,-245.78190990006107,-24.508510937008555,-74.30006290216751,37.568915201358806,11.71578416728095,247.30780877074247,80.30374268312018
3938,11.571571632119849,-245.89260512851183,-24.757203864161436,-74.50052482688751,38.427506402215464,12.080965731780786,247.43539985241645,80.51410586859197
3939,11.46723089701172,-246.0197619312818,-25.010188268455778,-74.0719871631296,39.27842441243899,12.373369044855151,247.57982080876752,80.40733790360532
3940,11.35593204967534,-246.16170368337504,-25.265293733558437,-72.98922682845577,40.12727453420008,12.5835102259259,247.73921623632282,80.00603856610091
3941,11.237104983616886,-246.31661677372338,-25.52031910572053,-71.23931460918006,40.977839013252314,12.703270216334241,247.9115832339483,79.3440849883982
3942,11.110274495761768,-246.48254686234395,-25.77306672563302,-68.82044403632233,41.83204374829615,12.725871153248233,248.09477227707941,78.464682123409
3943,10.97508992375576,-246.65740015886405,-26.02137907910863,-65.74069948250558,42.68996279070398,12.645834272937815,248.28649345769415,77.41830888275709
3944,10.831349623430773,-246.83895206590233,-26.263177145572502,-62.01683446338403,43.54986341480054,12.458927557385179,248.48433024710135,76.26064055019286
3945,10.679019011100218,-247.02486511004054,-26.4964994648481,-57.67311407548589,44.408293652699484,12.162110894736374,248.6857625070597,75.05051698287129
3946,10.518241428014711,-247.2127171914483,-26.71954050443194,-52.740255926780335,45.26021295016553,11.75348533825199,248.8881995675749,73.8480132070536
3947,10.34934166357026,-247.40003998364077,-26.930686500537043,-47.25448437784933,46.09916511929678,11.232251332067992,249.08902298147098,72.71265582696543
3948,10.172822438029074,-247.58436611396962,-27.128546772181316,-41.25669571517396,46.91749111349254,10.598678759339721,249.28563737419478,71.70181634911619
3949,9.989354450658363,-247.76328285633608,-27.311978626098117,-34.79171871201251,47.706577340167016,9.854089556215206,249.47552693820657,70.86930189362648
3950,9.799760780811763,-247.93448959172576,-27.480104315875764,-27.90764677448216,48.45713325996869,9.00085158156134,249.65631469143295,70.26415531738223
3951,9.604996552384767,-248.09585617346008,-27.632319011992635,-20.655214562472956,49.15949001359552,8.042380585449669,249.82582155811932,69.92967064924163
3952,9.406124897953575,-248.24547944853654,-27.768289326343307,-13.087192959082413,49.80391005349816,6.9831456358360136,249.98212251172072,69.90262568448158
3953,9.204290388845802,-248.38173541833626,-27.88794253836067,-5.257780447343187,50.38089660383119,5.8286723944673025,250.12359731970375,70.21273103368073
3954,9.000691171831336,-248.5033247637592,-27.991447173430192,2.778024884582595,50.88149150459971,4.585538280710437,250.2489737271707,70.88229313121826
3955,8.79655102981372,-248.60930964006553,-28.07918591732047,10.965081464863376,51.29755066268148,3.261353823764845,250.35736112982843,71.92608693008268
3956,8.593092496745488,-248.69913977409223,-28.15172206300015,19.248790213702566,51.62198772541004,1.864725264087526,250.448272932711,73.35143160829351
3957,8.391512088034577,-248.77266606282805,-28.209760884621662,27.575805592459844,51.848978368921465,0.4051945561989027,250.52163597506936,75.15845919482871
3958,8.192958670855354,-248.83014017128187,-28.25410756190048,35.89476115063741,51.97411946257921,-1.1068457756491161,250.57778572243652,77.34056153395204
3959,7.998515873536619,-248.87219905459065,-28.28562350126613,44.15699390110444,51.99453918880506,-2.6602640077134185,250.61744637151455,79.88499570520317
3960,7.809189097156418,-248.8998338255686,-28.305183067750928,52.31724744422128,51.90895592501897,-4.243326268704381,250.64169551377532,82.77362234540185
3961,7.6258971905676,-248.91434296774653,-28.313632842849398,60.33433017660405,51.71768532757519,-5.843857054755261,250.65191357252982,85.98374580527265
3962,7.449468351930703,-248.91727062311566,-28.311755562191536,68.17170246242652,51.422596621136805,-7.449419459615536,250.6497189390446,89.48902030884946
3963,7.280639462278768,-248.91033159986145,-28.300240763152388,75.79796565977034,51.02702063119558,-9.047510165950072,250.63689061778945,93.26038288464856
3964,7.120057902549177,-248.89532586397326,-28.279663665785222,83.18722665548539,50.53561359908025,-10.625763412397005,250.61528124608037,97.26697232512346
3965,6.968284971784897,-248.87404652806208,-28.250472858691094,90.31931423632379,49.954182222546365,-12.172157639838668,250.58672450383827,101.47699415162442
3966,6.825800230269711,-248.84818641738846,-28.212986320328948,97.17982828197518,49.28947659761517,-13.675218269896375,250.5529418965994,105.85849470184705
3967,6.693006257763146,-248.81924877149422,-28.167394674052858,103.76000935502402,48.54895876544726,-15.124210090565503,250.51545431912987,110.38001304403258
3968,6.570233352352465,-248.78846742259975,-28.113770462746015,110.05642451474763,47.74055540235711,-16.509313074080293,250.47550358710853,115.01108724537194
3969,6.457743717147421,-248.75674111844688,-28.052082349637423,116.07047453878421,46.87240385191965,-17.821776142337587,250.433988471015,119.72260105047802
3970,6.355734841185248,-248.7245857972125,-27.982213266048614,121.80773743378936,45.95260116214223,-19.054044357670335,250.39141892796798,124.48696747050865
3971,6.264342042954952,-248.69210767242558,-27.903981613972835,127.27717235464776,44.98896596409979,-20.199856161085037,250.34789129830403,129.27815626694013
3972,6.183640339818363,-248.65899890314756,-27.817164701961914,132.49021609482494,43.9888227763225,-21.25430856517415,250.303086167911,134.07158199150476
3973,6.1136458391936355,-248.62455635064873,-27.72152360275678,137.45981050926818,42.958817547831615,-22.213889638159092,250.25628932956755,138.84387736738833
3974,6.0543167785121454,-248.58772250925765,-27.61682855736231,142.19940311048026,41.904771978660655,-23.076479153883554,250.20643485899598,143.57258281186182
3975,6.005554285907209,-248.54714632288042,-27.502883948383836,146.72196441712066,40.83158246143655,-23.84131979286366,250.15216793706716,148.23578650185604
3976,5.96720294132419,-248.50126046043619,-27.379551766920276,151.03906441544416,39.74316741457289,-24.508962548339333,250.09192390364646,152.81175044231455
3977,5.9390512503906,-248.44837084005175,-27.24677245993001,155.16004682479783,38.642464335457646,-25.081190803667585,250.02401924241389,157.27855649951837
3978,5.9208321292477875,-248.38675373781416,-27.104582142798296,159.0913340012549,37.53147515161679,-25.560927764236013,249.94674975110087,161.61380247952354
3979,5.912223404224952,-248.31475556857632,-26.953125427741703,162.8358877288325,36.41135554691066,-25.952131558201295,249.85849092872454,165.79437248912677
3980,5.912848218064471,-248.230890313672,-26.792663522340238,166.39284244226593,35.282541149106585,-26.259681528517753,249.75779553967865,169.7962986393098
3981,5.9222752256724815,-248.13392966230708,-26.62357771646216,169.75731825242036,34.14490113553845,-26.48925824195287,249.6434834566253,173.59472335042557
3982,5.940018616639646,-248.0229813479257,-26.44636876087356,172.92041214307244,32.99790828920665,-26.647218726627834,249.51471934252223,177.16396379368337
3983,5.9655382698248705,-247.8975519312844,-26.26165279138897,175.86935748941994,31.840813998922716,-26.740467577667573,249.3710745206654,180.47767299596387
3984,5.998240613269736,-247.7575913229025,-26.07015435126351,178.5878352001411,30.67281709446233,-26.77632399418149,249.21257041069615,183.50908641315522
3985,6.037480881600895,-247.6035175183851,-25.87269688706596,181.05641479521344,29.493216554759762,-26.762384648934972,249.0397020645843,186.23133878848085
3986,6.082567316433422,-247.4362212458707,-25.67019105005904,183.25310086379162,28.301539836218915,-26.706382553829016,248.85344154589174,188.6178340788157
3987,6.132767478468982,-247.2570513978032,-25.463621286340178,185.15395956596493,27.09764070764721,-26.616042633473896,248.65522206833046,190.64265108867644
3988,6.187316414286452,-247.06778306215134,-25.254031405880138,186.73380087361184,25.881762960954593,-26.49893537854,248.4469047592972,192.28096890994158
3989,6.245426141035601,-246.87057053169679,-25.042509858681942,187.96689465849627,24.654569098275978,-26.36233064765028,248.23073047395778,193.50949890643415
3990,6.306295885098168,-246.66788791629438,-24.830175230601213,188.82770198280937,23.417135895546004,-26.21305444602804,248.0092593112597,194.30691327647548
3991,6.3691227019788546,-246.46246012982158,-24.61816216239401,189.29160642220856,22.1709213139796,-26.057352323321577,247.7853006056251,194.65426356501973
3992,6.433112356581875,-246.25718720700416,-24.40760771813712,189.33563341138438,20.917709249048844,-25.900763778250848,247.5618363396932,194.53538531616923
3993,6.497490489428817,-246.05506505766039,-24.19963826496765,188.93914806419232,19.659539841478814,-25.74801252069144,247.3419410812393,193.93728695585062
3994,6.5615140503443055,-245.8591056918802,-23.995357119483465,188.08452344902227,18.398633446332852,-25.60291743175908,247.1287014912467,192.8505217451557
3995,6.624482779789693,-245.67225953541205,-23.795833433069102,186.7577717469614,17.137315904405696,-25.468328520249763,246.9251380557168,191.2695411381909
3996,6.685750326710876,-245.4973418412711,-23.602092857579947,184.94913005878524,15.877951590464672,-25.346091173658845,246.73413108846447,189.19302614643925
3997,6.744734581064418,-245.33696467566602,-23.4151103855579,182.65359110269503,14.622888962587044,-25.23704067236465,246.55835251473815,186.62419065916654
3998,6.800926939776358,-245.19347563657314,-23.235805523613493,179.8713672384588,13.374421176193227,-25.1410274063634,246.40020460874402,183.57104772585643
3999,6.8539003287467795,-245.06890425261165,-23.065039804225943,176.60827489200113,12.134761983650975,-25.056971631124483,246.2617666350153,180.0466273408117
4000,6.9033157623378445,-244.9649168170327,-22.903616564879986,172.87602610442732,10.906034904754005,-24.9829450538332,246.14475014061082,176.06913288867622
4001,6.948927098225622,-244.88278024891036,-22.752282771518544,168.69241480337666,9.6902718236216,-24.916275203448095,246.05046346239382,171.662023365008
4002,6.990583564216216,-244.8233354421267,-22.61173235486217,164.08138734111725,8.489415979611625,-24.85366756643536,245.97978584820953,166.85400966420139
4003,7.028229682645519,-244.78698045548632,-22.482610167481184,159.07298949142287,7.305323916118218,-24.791339973898737,245.9331514480154,161.67895528384238
4004,7.06190243687427,-244.773663881735,-22.365515445922075,153.7031850759177,6.139761396730302,-24.725163701599765,245.9105433971923,156.1756743684851
4005,7.091725880700538,-244.78288882634183,-22.261003674935974,148.0135444941525,4.9943895780034,-24.650806079128436,245.91149831492206,150.38762288659692
4006,7.11790374245042,-244.813727950981,-22.169585928182453,142.05080462908504,3.8707396922171218,-24.563869955590857,245.93512158801272,144.36248183793285
4007,7.140710734150306,-244.86484979036985,-22.09172494579403,135.86630494419327,2.7701768324649936,-24.460026049811034,245.98011358421866,138.1516347373077
4008,7.160483143907054,-244.93455605688197,-22.0278273287201,129.51530812739992,1.6938557477904008,-24.335134998232807,246.04480645132753,131.8095452232788
4009,7.177608919362476,-245.02082909257885,-21.978231338446403,123.05621735644259,0.6426734620108568,-24.18535678154084,246.12721060278756,125.39304445082115
4010,7.192517043368602,-245.12138816396774,-21.9431899733776,116.54970603922061,-0.3827752820225327,-24.007246119111926,246.22506953174985,118.96054180492342
4011,7.205665817204891,-245.23375298550766,-21.922849299249226,110.05777944688559,-1.3822334674201544,-23.797833325016455,246.33592130933587,112.57117614138862
4012,7.217529807355775,-245.35531268352327,-21.917222510232104,103.64279060346956,-2.355802511646367,-23.55469095758434,246.4571649993714,106.28392782698347
4013,7.228585554958376,-245.4833982562098,-21.926160947842146,97.3664347425875,-3.3039441094747097,-23.275987262425883,246.5861301477375,100.15671393543704
4014,7.239296519658735,-245.61535636892134,-21.949324156683662,91.28874740051909,-4.227461182973659,-22.960527810778686,246.72014738381523,94.24548986317225
4015,7.250098045596098,-245.74862213672586,-21.98615165069401,85.46713081399771,-5.127458292116644,-22.607786844460485,246.8566180573957,88.60338037573734
4016,7.261383339648924,-245.88078851289995,-22.03583915846538,79.95543189438624,-6.005284176929775,-22.21792968716524,246.99308082408422,83.27986183134828
4017,7.273491489716794,-246.00967001132264,-22.09732177957402,74.8030929106635,-6.862461048604899,-21.791827211944995,247.1272731766936,78.32001528136884
4018,7.28669842823537,-246.1333586704729,-22.169265950287038,70.05439345384535,-7.700606572830159,-21.331062803621776,247.25718604908442,73.76386761231198
4019,7.301211503049225,-246.2502704060832,-22.25007159343568,65.74779959208777,-8.52135504500606,-20.837931587876295,247.38110980292873,69.64583517282159
4020,7.317167993778377,-246.35918020908585,-22.337885367768408,61.91543356450688,-9.326284049368038,-20.31543103997588,247.49767016505712,65.99428164747819
4021,7.334637568440906,-246.4592449999513,-22.430625421990616,58.58267494585062,-10.116852055181624,-19.767241575504148,247.60585298043543,62.83119938296274
4022,7.353628379653983,-246.5500133281464,-22.526017399918,55.76790184663826,-10.894351102184462,-19.197695437652698,247.70501695441465,60.17202088022895
4023,7.374096262066095,-246.6314215189553,-22.62164069134652,53.48237819617845,-11.659877116612325,-18.611732132259796,247.7948938942757,58.02556456637756
4024,7.395956276929702,-246.7037763310113,-22.71498318179351,51.7302902259758,-12.414318630183706,-18.014838826283935,247.87557634366513,56.39411603165509
4025,7.419095650943484,-246.76772467475257,-22.80350209941647,50.50893168245519,-13.158362917652015,-17.41297456548644,247.9474929199942,55.27364248601339
4026,7.443387019750735,-246.82421141383722,-22.884688108917178,49.80903293763725,-13.892516979093694,-16.812477920024747,248.01137208666802,54.654134206815364
4027,7.46870087158163,-246.87442672730913,-22.956129689561333,49.61522411285223,-14.617139469772207,-16.219958673646072,248.06819553250577,54.52006229695051
4028,7.494916237114012,-246.91974501362608,-23.015575033436594,49.90661684606061,-15.332478699574798,-15.64217526642416,248.1191428532318,54.85093734797974
4029,7.52192896808933,-246.96165787160447,-23.060989024138127,50.65748386501485,-16.03871130297992,-15.085900698774894,248.1655298198234,55.621948962197195
4030,7.549657283148736,-247.0017041269347,-23.090603181355743,51.83801070934217,-16.735976248170306,-14.55778041247571,248.20874299020508,56.80466208791397
4031,7.578044507778988,-247.04140001185309,-23.102956848771257,53.41509050594855,-17.424399550689685,-14.064186289841516,248.25017360261063,58.36774343327679
4032,7.607059036957921,-247.08217248988402,-23.096928428989656,55.353131276879225,-18.104106289331543,-13.611071383373169,248.29115362566353,60.27769041426257
4033,7.6366915582158175,-247.12529848985872,-23.07175603649437,57.6148461816523,-18.775218093016953,-13.203830286733663,248.33289666717562,62.49953643435509
4034,7.666949628932309,-247.1718525038247,-23.027047437395844,60.16200033156032,-19.437835936318443,-12.847170114441779,248.3764461849443,64.99750970799577
4035,7.697849889880293,-247.22266456504465,-22.96277959707342,62.95609301285217,-20.092009640872696,-12.544996800474745,248.42263305621267,67.7356279720316
4036,7.729408444942139,-247.27829006794457,-22.879288627889387,65.95896075390735,-20.7376968172059,-12.300320848828276,248.47204406359907,70.67821775290209
4037,7.761630110378903,-247.33899228555688,-22.777251392203127,69.13329398169954,-21.37471504673198,-12.11518585063805,248.5250023003741,73.79035375006478
4038,7.794497291635059,-247.4047378232001,-22.6576603486304,72.44306729613477,-22.002691826502875,-11.990622136430819,248.58155991554648,77.03822067173938
4039,7.827959245930631,-247.4752046492477,-22.521793291925587,75.85388988143049,-22.621017079877518,-11.926626958943896,248.64150302822154,80.38940578182208
4040,7.861922508179842,-247.5498018087905,-22.37117938755683,79.33328752583492,-23.228802826366437,-11.922171673152844,248.70436808366335,83.81313477114449
4041,7.89624328406418,-247.62769947258863,-22.20756243323478,82.85093052646523,-23.824853961300164,-11.975235517778373,248.769468427377,87.28046578664836
4042,7.930722580912234,-247.70786757807392,-22.032861720018616,86.37882207032439,-24.407653147794793,-12.082864766504105,248.835929424624,90.7644562364168
4043,7.965104721809265,-247.78912096342856,-21.849130330116083,89.89145951836421,-24.975361704484722,-12.241255146718611,248.902730043141,94.24031437797886
4044,7.999079673849572,-247.87016860937408,-21.65851034978187,93.36597679466449,-25.52583720891226,-12.445854518811629,248.96874848940897,97.68554312713832
4045,8.032289339618186,-247.949664461625,-21.463184459069627,96.78227056220564,-26.05666743587888,-12.69148197074696,249.03280933336558,101.08007776815121
4046,8.06433766773796,-248.02625737395906,-21.26532374272171,100.12310701549913,-26.565219255854505,-12.972458855411322,249.09372964294727,104.40641325322399
4047,8.094804160194048,-248.09863797244213,-21.067032247053184,103.37420096033043,-27.048700205598283,-13.282746975114994,249.1503619553653,107.64971152694973
4048,8.123260038333488,-248.16558063821722,-20.870289582820202,106.5242553094323,-27.50422960628448,-13.616089110857935,249.2016323603687,110.79787568274706
4049,8.149285973291244,-248.2259793061541,-20.67689353064045,109.56494785086538,-27.92891542914435,-13.966147369166515,249.24657250995568,113.84157639457132
4050,8.172490070132099,-248.27887630851998,-20.488405023841533,112.49085339282198,-28.31993272407669,-14.32663531911015,249.28434492348856,116.77421723613213
4051,8.192524941073213,-248.32348390809284,-20.306098062389054,115.29929298259202,-28.674599420334992,-14.691440548158786,249.31426138708943,119.59182905201259
4052,8.209103178665773,-248.35919839220907,-20.13091705616174,117.99010727791246,-28.990445699635586,-15.05473502650132,249.33579448144584,122.29288893872648
4053,8.222011013025856,-248.3856067612241,-19.96344375360824,120.5653574478379,-29.265273883570362,-15.411071501028868,249.34858242053673,124.87806577476644
4054,8.231120107425076,-248.40248631379532,-19.80387529571555,123.02896318745354,-29.497206759516747,-15.755464985414182,249.35242760637,127.34990059814889
4055,8.23639731936838,-248.40979781915868,-19.652014234381028,125.38629261219215,-29.684723355803065,-16.083459194791036,249.34728962741974,129.71243552415655
4056,8.237912037038045,-248.4076733277844,-19.50727082668182,127.64372229167648,-29.826682240934876,-16.391178439895505,249.3332737334701,131.97080864954785
4057,8.235840568702633,-248.39639987742933,-19.3686777095483,129.80818720745395,-29.922333346084784,-16.675366013298948,249.3106159967148,134.13083419669618
4058,8.230467102142686,-248.37640040958917,-19.23491715100549,131.88674005204342,-29.97131999454653,-16.933410428215122,249.2796664290429,136.19858705577388
4059,8.22218100200563,-248.34821320324974,-19.104361236492768,133.886137360946,-29.973673230060278,-17.163360980410083,249.2408713372498,138.18000919041302
4060,8.211470636907992,-248.31247104888502,-18.97512514653186,135.81246695043268,-29.929800714288557,-17.363934006335196,249.19475612284563,140.08055254089712
4061,8.198914362985574,-248.26988111886376,-18.84513280831963,137.67082751180143,-29.840472481078006,-17.534510924669316,249.1419094379262,141.90486957819402
4062,8.185169534537133,-248.22120605287827,-18.712192902773996,139.46506740845436,-29.706805716279028,-17.67512867623952,249.0829691095348,143.6565589436633
4063,8.170960382577361,-248.1672463675064,-18.574082076630244,141.19758605855242,-29.530250461861925,-17.786462549732697,249.01860977025825,145.3379699655741
4064,8.15706537592864,-248.10882405874221,-18.4286315933088,142.86919803833652,-29.31257770234846,-17.869800720395972,248.9495318468952,146.95006655311886
4065,8.144304395960686,-248.04676714779075,-18.27381349496248,144.47905746514647,-29.05587066920375,-17.92700932667869,248.8764514189468,148.49234830299898
4066,8.13352582015959,-247.98189487732938,-18.10782246732954,146.02463847336054,-28.762519406969677,-17.960486726673917,248.80009041416986,149.9628247922676
4067,8.12559346126795,-247.91500338514143,-17.92914992857412,147.50176665030577,-28.43521774229179,-17.973105789312417,248.72116674442753,151.35803796850442
4068,8.121373225573839,-247.8468520398018,-17.736647407372875,148.90469595543811,-28.076960874037848,-17.968143677216876,248.64038437592257,152.67312711206648
4069,8.121719289971699,-247.7781511040328,-17.5295769816215,150.22622566224348,-27.691040946142422,-17.949199460834965,248.55842385308483,153.90193080282043
4070,8.127459548976494,-247.70955172275043,-17.307647290388765,151.45785206891455,-27.281037270756507,-17.92010087552554,248.4759341732375,155.03712050294112
4071,8.139380109217537,-247.64163920645504,-17.071034314167985,152.58995006045072,-26.85079747405174,-17.884802415452462,248.3935269279543,156.07036071047062
4072,8.158208771967123,-247.57493024849228,-16.82038667058637,153.61198006458656,-26.40440588759142,-17.847277640671383,248.31177333713813,156.99249115263774
4073,8.184597733429552,-247.50987431255433,-16.556815476216784,154.51271650504967,-25.94613609286161,-17.8114089956253,248.23120442999854,157.7937271628872
4074,8.2191060516112,-247.44685909588952,-16.28186888689085,155.28049446553203,-25.48038563225197,-17.780878587454847,248.1523143103776,158.4638751678245
4075,8.262182653138979,-247.38621967112698,-15.997491556029905,155.90347187566147,-25.011592410388353,-17.75906330492469,248.07556615676128,158.99256102621283
4076,8.31415071605563,-247.3282506055325,-15.705969763090163,156.36990507253998,-24.544134025200243,-17.748937450778694,248.00140034110728,159.36946974148523
4077,8.375194196435297,-247.27322014302194,-15.409863774238927,156.6684360591781,-24.082212939724318,-17.75298577029014,247.93024389101458,159.58459575485412
4078,8.44534714409528,-247.22138547538353,-15.111929727761078,156.7883901598001,-23.629731806592556,-17.773129442174994,247.86252050370322,159.62850356982514
4079,8.524486318176853,-247.17300815925452,-14.815033800993158,156.72008300418366,-23.190164262018786,-17.810667317987008,247.7986603691691,159.49259879146754
4080,8.612327454799816,-247.12836874602098,-14.522061766518378,156.45513569992977,-22.76642709825523,-17.866234468998123,247.73910907727148,159.16940963186588
4081,8.70842530442631,-247.0877795964847,-14.235827484760536,155.98679639289105,-22.360759937764257,-17.939779855492034,247.68433479821755,158.6528782644791
4082,8.812177217603812,-247.05159463494908,-13.958984355648228,155.3102648767549,-21.974618431579785,-18.030564563499166,247.63483272048524,157.9386598160479
4083,8.922829718516462,-247.02021462626817,-13.693943965964387,154.4230144206466,-21.608586676588967,-18.13718146807292,247.5911255580065,157.02442419977132
4084,9.039487372046743,-246.9940867111511,-13.442805871149814,153.3251018696544,-21.2623140404957,-18.257596335443733,247.55375906672063,155.91015274744632
4085,9.161123427703046,-246.9736975037433,-13.207301663235727,152.01945397701175,-20.934480852776595,-18.389209327033406,247.52329203806894,154.59841832181
4086,9.286592114302813,-246.9595598467278,-12.988755401382223,150.51211550434968,-20.62279638585239,-18.528934804409435,247.50028097881756,153.09463493978902
4087,9.414642857049051,-246.95219402492393,-12.78806130962532,148.81244333465233,-20.32403121310376,-18.67329645613853,247.48526033972217,151.40726138497615
4088,9.543936917704425,-246.95210463877348,-12.605678539105906,146.93323090091775,-20.03408450434157,-18.81853413199121,247.47871950243868,149.54794307094548
4089,9.673066943526377,-246.95975442025485,-12.441641896605445,144.8907486794091,-19.74808528082438,-18.960718295006398,247.4810777649967,147.5315775850103
4090,9.80057969570214,-246.97553622757763,-12.295586820593861,142.704689236743,-19.460525257071463,-19.095867624288513,247.49265847752577,145.37629181348615
4091,9.925001947687248,-246.99974451444476,-12.16678649684268,140.3980091258277,-19.165419721956976,-19.220065082728944,247.51366350710228,143.10332211311808
4092,10.044869305109575,-247.03254779823234,-12.054198772050785,137.99666440543166,-18.85649192735886,-19.329567817187748,247.5441494164534,140.73679327176043
4093,10.158757459147028,-247.07396389169514,-11.956520387591127,135.52924120550318,-18.527375548804756,-19.42090662347901,247.58400696348897,138.30339648768546
4094,10.265315036218128,-247.1238396983018,-11.872245958258175,133.02648708503767,-18.171828858310256,-19.49097135060469,247.63294554430928,135.83197079423672
4095,10.363296793758016,-247.18183714298627,-11.799729006349873,130.52075260618716,-17.783953306421704,-19.537079495039624,247.6904839517467,133.3529959418653
4096,10.451595642552466,-247.24742645313935,-11.737242258868408,128.0453555149817,-17.358408347796843,-19.55702628421342,247.75594844893482,130.89800766543152
4097,10.529271989680014,-247.31988766306486,-11.683034471133118,125.63388236148286,-16.8906136730735,-19.549115654680573,247.8284788191592,128.49894869033076
4098,10.595579114335862,-247.39832087105287,-11.635381367891448,123.31944462487517,-16.37692960976983,-19.512172571677976,247.907042734245,126.18747106685251
4099,10.64998351615654,-247.4816653212385,-11.592628838646709,121.13390871970347,-15.81480642387149,-19.445538039263372,247.99045836330788,123.99420775277002
4100,10.692179311213554,-247.5687268067852,-11.553227133493005,119.10712176029675,-15.202893742387248,-19.349048891296185,248.07742460438567,121.9480339185687
4101,10.722095863290962,-247.65821232366233,-11.515755368681825,117.26615748617677,-14.541102489725072,-19.22300503021977,248.16655778734648,120.07534109410102
4102,10.739898030226579,-247.7487704417983,-11.478936144340285,115.63460889492407,-13.830613682150924,-19.06812718307187,248.25643326666443,118.39934963183383
4103,10.745978688738823,-247.83903547880846,-11.441640526298965,114.23195541296454,-13.073831101999499,-18.885508453953346,248.34562997492347,116.93948655913535
4104,10.740943536637308,-247.92767321382283,-11.402884091242697,113.07303246173215,-12.2742780624448,-18.676562968625042,248.43277569601912,115.71085631059702
4105,10.725588538142285,-248.01342561433276,-11.361815237465754,112.16762975716051,-11.436441899928033,-18.442974761563736,248.51659059273007,114.72383074804023
4106,10.700870765976985,-248.09515198772337,-11.317697551530864,111.5202414016701,-10.56557328011973,-18.18664978885318,248.59592650843226,113.98378205177401
4107,10.667873783735292,-248.17186416141206,-11.269888569115409,111.12998565371869,-9.667450694358987,-17.909673572047062,248.66979980090932,113.49097733696776
4108,10.627769093163765,-248.24275364765083,-11.217817516255915,110.9907051786189,-8.74812338119148,-17.61427645722226,248.7374158508861,113.24064714524523
4109,10.581775532541691,-248.30720914289515,-11.160964454039116,111.09124976855647,-7.81364795159746,-17.30280776900025,248.79818379404392,113.22323138197677
4110,10.531118788597762,-248.36482316926214,-11.098842876823781,111.41593336889794,-6.86983490783818,-16.97771924218771,248.85172047982542,113.42479616730073
4111,10.476993257759654,-248.4153873050957,-11.030987477008534,111.94514642210527,-5.9220208934219265,-16.641557063981537,248.89784328715947,113.82760411732714
4112,10.42052829205932,-248.4588762928123,-10.956948464751301,112.65609398190298,-4.9748809034845625,-16.296960757021846,248.93655224363127,114.41080977551545
4113,10.362760445916207,-248.495422233728,-10.876293317564583,113.5236209153022,-4.032291887038574,-15.946666137051182,248.96800277515695,115.15124250861885
4114,10.304612839474043,-248.52528094561146,-10.788616063683326,114.52107897561204,-3.097255346251825,-15.593508867326573,248.99247122604427,116.0242324105096
4115,10.246882254458912,-248.5487932688291,-10.69355335036463,115.62118754863019,-2.1718820205115628,-15.240424833008309,249.01031594413072,117.00443160652266
4116,10.190234048190876,-248.5663445621907,-10.590805861957644,116.7968409885657,-1.2574370320455628,-14.890443697735206,249.0219371310093,118.06658435598477
4117,10.135204384457154,-248.57832576483537,-10.480163232304161,118.02182070272862,-0.3544395070417272,-14.546672523253376,249.02773875004894,119.1862045159308
4118,10.082208716113248,-248.58509921084234,-10.36153036788672,119.27137901404242,0.5371928702893066,-14.212267158742026,249.0280955600904,120.34012773171361
4119,10.03155500172352,-248.58697186372757,-10.23495296038626,120.52267336050716,1.4179663826836557,-13.89039018191046,249.02332779503635,121.50691718865201
4120,9.983459804284118,-248.58417779377976,-10.10063989336947,121.75504232158781,2.288614215751795,-13.584155431593818,249.01368514401196,122.667114640649
4121,9.938065237377016,-248.57687070012653,-9.958980261235308,122.95012796844408,3.149893408508088,-13.296560522253811,248.9993406542014,123.80334140976852
4122,9.89545483503058,-248.56512636460968,-9.810552844346628,124.09186090693998,4.002388783697506,-13.030410069405116,248.98039426964655,124.9002659168508
4123,9.855666912102507,-248.54895427830039,-9.656126168074339,125.16633411714221,4.846335374179287,-12.788233551727359,248.95688510290566,125.9444640498533
4124,9.818704683424562,-248.52831720108233,-9.496647806448433,126.16159855204215,5.681468711985781,-12.572202640393346,248.9288111069383,126.92420555168093
4125,9.784542994502337,-248.50315695176957,-9.333222443647697,127.06741699549283,6.50690971187083,-12.384053308358236,248.89615441191606,127.82920314848714
4126,9.753131796286308,-248.47342431331177,-9.167079334047466,127.87501271837912,7.3210880928632704,-12.225018025159754,248.85891023742337,128.65036115030682
4127,9.72439655279864,-248.43911067654662,-8.999531031023155,128.5768460933795,8.121705682956936,-12.095772865242807,248.8171170818957,129.3795568134937
4128,9.698235819998333,-248.40027892659973,-8.831926327499053,129.16644593391825,8.905738781175453,-11.996403501813917,248.77088581602183,130.00948126834447
4129,9.6745164395291,-248.3570910559556,-8.665601002367556,129.6383136840844,9.669477097124165,-11.926392940015434,248.72042531860268,130.5335580725117
4130,9.653067153836792,-248.30983013683678,-8.501830047245223,129.9879087525976,10.408595618498214,-11.88463256388657,248.66606245655072,130.9459475134338
4131,9.633671812548753,-248.258914706097,-8.341784577229387,130.2117133677756,11.118254975673338,-11.869456724645715,248.60825462551483,131.2416347711759
4132,9.616063502842364,-248.2049042791115,-8.18649573839588,130.3073663069866,11.793225375576043,-11.878699787059977,248.54759370423284,131.41659094573254
4133,9.599920822822574,-248.14849546807298,-8.036826816394985,130.27384746197188,12.428028889961992,-11.909773369724032,248.4848009918703,131.46798848982894
4134,9.584867243590535,-248.0905089272365,-7.893453694560887,130.11168992058168,13.017094783111396,-11.959760516804362,248.42071339809542,131.3944472494945
4135,9.57047423828515,-248.0318680710831,-7.756853053845911,129.8231933053522,13.55492267674161,-12.025522742822803,248.35626184173225,131.19628433123253
4136,9.556268613397664,-247.9735711798231,-7.6272973224884035,129.4126115356591,14.036248694690055,-12.1038153128609,248.29244345754512,130.87574041345596
4137,9.541744157004475,-247.91665897822043,-7.504855256711196,128.88628985615367,14.456210230547182,-12.191405772138534,248.23028966347727,130.4371567771561
4138,9.526377294821682,-247.86217988851064,-7.389397052236851,128.25272965030754,14.810505440231346,-12.28519062304341,248.1708322382574,129.88708097812028
4139,9.509646047449573,-247.81115491790246,-7.280603041632969,127.52256484241809,15.095543760740265,-12.382305158457877,248.1150693075891,129.2342843086855
4140,9.491051360919599,-247.76454375612062,-7.177975296865405,126.70844010411706,15.308583599375543,-12.480221791448372,248.0639327507257,128.48968051416975
4141,9.470139833390926,-247.723213379845,-7.080851721357534,125.82478811313943,15.447852891686628,-12.576832751837058,248.01825826520914,127.66614213788525
4142,9.446526838168538,-247.6879103584623,-6.9884224095908305,124.88751020193283,15.512647680546369,-12.670513704757635,247.97875922790377,126.778217828634
4143,9.419918962266092,-247.65923798080846,-6.899748167976146,123.9135712519905,15.503403472656805,-12.760165640944109,247.9460054139663,125.84176035475555
4144,9.390134601546496,-247.63763908992996,-6.813781106979617,122.9205250464117,15.421734090199473,-12.845233275091884,247.92040739901583,124.87348036798893
4145,9.357121542179444,-247.62338508652863,-6.7293871498901074,121.92599010313378,15.270433144978673,-12.925699164534251,247.90220704115742,123.89044478473198
4146,9.320970402966848,-247.6165710601553,-6.645370284499621,120.94709816924801,15.05343415378383,-13.00205381482827,247.89147394036314,122.90954091355624
4147,9.28192292539404,-247.61711657954956,-6.560498488441965,119.99993819415258,14.775726749602391,-13.075243140577635,247.8881073546119,121.94692830546765
4148,9.240374339562841,-247.62477142315512,-6.473531396225098,119.09901799696328,14.44322847120564,-13.146595741588937,247.89184281786007,121.01750002549096
4149,9.196869412974873,-247.639125508066,-6.383249827779031,118.2567643408711,14.062614166591414,-13.217733462741803,247.90226270096503,120.13437396122696
4150,9.152092225632682,-247.6596224497652,-6.288487196788359,117.48308002907147,13.641107921493731,-13.290469565897952,247.91881014727008,119.30843315641373
4151,9.106850114474348,-247.68557642230752,-6.188162465367286,116.78497415143548,13.186245327264027,-13.366699488595767,247.94080606065802,118.54793213004697
4152,9.062052527406507,-247.7161921245348,-6.081313694355947,116.16627884965503,12.70561650147786,-13.448289505029866,247.96746895894145,117.85818375512727
4153,9.018685686039456,-247.7505876282175,-5.967130598287547,115.62746299832216,12.2066022666809,-13.536968564843587,247.99793746939355,117.24133853645695
4154,8.977783994752627,-247.78781977619926,-5.844984195501185,115.16555010151136,11.696117054607722,-13.634228187483174,248.03129513152092,116.69626510428657
4155,8.940399118301112,-247.8269117460865,-5.714451800610203,114.77414459734645,11.180372309178228,-13.741234646305077,248.06659712440026,116.21853756298515
4156,8.907567633605915,-247.86688241223547,-5.575336142365902,114.44356777998678,10.664673368398526,-13.858756906017112,248.10289856715124,115.8005321692639
4157,8.880278171061185,-247.9067770874598,-5.427678057357361,114.16110178134205,10.15326102300988,-13.987112957740825,248.1392840083232,115.43163279530488
4158,8.859439017783712,-247.94569896365462,-5.271762738113324,113.91133748621615,9.649206249158352,-14.126136373465204,248.17489747396536,115.09854177995025
4159,8.845847242213397,-247.98284012614693,-5.108119775099992,113.67661972961979,9.154363191576124,-14.275164120967721,248.20897200921416,114.78568996659514
4160,8.84016047490988,-248.0175106060621,-4.937517284915939,113.43758041877004,8.66938169670487,-14.433046002375093,248.2408572407142,114.47573677530526
4161,8.842872559884082,-248.04916378354798,-4.760950354584798,113.1737471778527,8.193777015481036,-14.5981755196548,248.27004333593567,114.15014791859707
4162,8.854294404346849,-248.07741658326034,-4.579623895526719,112.86421174449714,7.7260511185319425,-14.768541423074224,248.29617986399066,113.78983485462473
4163,8.874541405470682,-248.10206312725717,-4.394929864024198,112.48833884235572,7.263857657157509,-14.941798514731552,248.31908828437093,113.37583645554727
4164,8.903528627854294,-248.1230806830624,-4.20841879249038,112.02649292385111,6.80420105407212,-15.115355436349796,248.33876695463326,112.89001996285651
4165,8.940974382881278,-248.14062693787199,-4.021765761889968,111.46075737791858,6.343659440231027,-15.286476291161176,248.35538772615106,112.31577547344152
4166,8.98641219890602,-248.15502800385954,-3.836731298124654,110.77561885122418,5.878620981526496,-15.452392154210534,248.3692835534053,111.63867627523616
4167,9.039210592600924,-248.16675712884,-3.6551180937266583,109.95858847298236,5.405523384713322,-15.610417849571583,248.38092709627819,110.84707655554752
4168,9.098599588963832,-248.17640472441119,-3.4787248413559655,109.00073218059435,4.921086942085453,-15.758068831457923,248.39090091909185,109.9326185072032
4169,9.163702498981745,-248.18464094599076,-3.3092987467405455,107.89708419837935,4.422532325423515,-15.89317266765787,248.3998604974591,108.89062283882969
4170,9.233571082151402,-248.19217266703288,-3.148488413693154,106.64692119070082,3.9077754114244923,-16.0139695989773,248.40849183676215,107.72034032428812
4171,9.307222068401103,-248.1996972502537,-2.997798755508098,105.25387972893054,3.3755926410760875,-16.119197030120965,248.41746605701752,106.42504733875667
4172,9.383673157176155,-248.2078559163955,-2.858549442314487,103.72590630533035,2.825751755955069,-16.208153620079635,248.42739369502644,105.0119751494452
4173,9.46197688356536,-248.21718962720965,-2.7318382241478867,102.07503683435533,2.2591042291044556,-16.280739816070255,248.438781592548,103.492070686072
4174,9.54125092126525,-248.2281002062443,-2.618510368551416,100.31701089883465,1.6776372903829662,-16.33747307536084,248.45199504495324,101.87959508514287
4175,9.62070345051093,-248.24081899671452,-2.51913549516748,98.47073431780227,1.084485018541484,-16.379477484708723,248.46722745722406,100.19157484778495
4176,9.699652332877806,-248.2553848148186,-2.433993188435303,96.55761131551847,0.483899386468667,-16.40844887048193,248.4844792148004,98.44712832684085
4177,9.777537174093494,-248.27163238579095,-2.3630686344636183,94.60077414895075,-0.11881668181299809,-16.426597674648285,248.50354691724516,96.66669693591126
4178,9.853923896744863,-248.28919189090414,-2.306058957229647,92.6242431395738,-0.7174112500428915,-16.43657278191566,248.52402358268895,94.87121557750183
4179,9.92850200734415,-248.30749970446917,-2.2623900733349176,90.65205337214834,-1.3048165744818974,-16.441370098761553,248.5453099001692,93.08126003690728
4180,10.001075173699634,-248.32581984235023,-2.231243085736342,88.70738565424621,-1.8733092710971797,-16.4442300091484,248.56663605994171,91.316210273339
4181,10.071546005724624,-248.3432750932366,-2.211588678318127,86.81173861825458,-2.4146927188848277,-16.448527887432242,248.58709314340956,89.59346760891557
4182,10.139896122467048,-248.35888631200092,-2.2022276070496223,84.984176245544,-2.920496682007361,-16.457661690803217,248.60567255982508,87.92776093281672
4183,10.206162776259402,-248.37161796632273,-2.2018351032905095,83.24068089642591,-3.382188928616108,-16.474940352584976,248.6213116274847,86.33057251026725
4184,10.270413559900426,-248.38042775372259,-2.2090068059179147,81.59363645793627,-3.791393449661541,-16.503476292815215,248.6329431280754,84.80970813902144
4185,10.33272106899884,-248.38431789949937,-2.222303849562657,80.05145975264467,-4.140109717546243,-16.546084853180634,248.63954646956768,83.36902950941374
4186,10.393139775354364,-248.38238553243656,-2.2402950599698404,78.61839115399421,-4.420927304708762,-16.60519288459452,248.64019789816285,82.00835897874381
4187,10.4516875920635,-248.37386935684955,-2.261594752680136,77.29444774267859,-4.627230153613953,-16.682758177822876,248.63411703682948,80.72355891203543
4188,10.508334337669586,-248.35818993501277,-2.2848951963214184,76.0755346782691,-4.7533848821064195,-16.78020101623959,248.62070712439981,79.50677965498643
4189,10.562998341578346,-248.3349814519838,-2.308993272632491,74.95370311899089,-4.794907744229577,-16.89834881484232,248.5995868688169,78.34686245397383
4190,10.61555107270452,-248.30411366612802,-2.332811226879336,73.91753635660935,-4.7486052923172,-17.037394526171703,248.57061262851468,77.22987656838045
4191,10.665828504433394,-248.26570344205547,-2.3554116444631696,72.95264020947275,-4.612684467406215,-17.19686923646493,248.5338902985663,76.13976380561921
4192,10.713647276022106,-248.220115691306,-2.3760069261849055,72.04220950443757,-4.386828811569307,-17.37562913991566,248.48977668451312,75.05905912227489
4193,10.758823524249122,-248.16795395557088,-2.393963659675988,71.16763999416821,-4.072238695134008,-17.57185681800074,248.43887054536077,73.96965307874547
4194,10.801192403369484,-248.1100414516552,-2.4088024833535306,70.3091545133203,-3.671634772266494,-17.78307645684289,248.38199407345155,72.85356101639462
4195,10.840626654643225,-248.04739405207098,-2.4201942666830196,69.44641365393467,-3.189225210497978,-18.006182370240538,248.3201662447527,71.69366494039005
4196,10.877052948759433,-247.98118718193876,-2.427953556234998,68.5590846435491,-2.630638510804766,-18.2374800111721,248.2545699916112,70.47439716968385
4197,10.910464978313925,-247.91271884169032,-2.432030185401897,67.62734715370767,-2.0028248937902737,-18.472738557182875,248.18651538453472,69.18233959579557
4198,10.940932432989463,-247.84337087531978,-2.432499757557005,66.63232099989264,-1.313930210540497,-18.707254135260015,248.11740091995685,67.80671844536694
4199,10.96860512485779,-247.77457025033365,-2.429553495109993,65.55640754840879,-0.573147062264342,-18.9359227862011,248.04867465632967,66.33978122197531
4200,10.993711734694205,-247.70775168191602,-2.423487770838828,64.38354350053534,0.209451783632175,-19.153322310042533,247.98179650999097,64.77704940932674
4201,11.016552986766662,-247.64432260789704,-2.414693502924791,63.09937199224272,1.0230925200694196,-19.353802132947358,247.91820270618123,63.117446984579594
4202,11.03748949645922,-247.58563133853625,-2.4036455158482064,61.69134116219066,1.8564870206437716,-19.531580271881293,247.85927321411503,61.36331037696625
4203,11.056924957059609,-247.53293909062626,-2.3908920146715533,60.14874418707279,2.698022651141845,-19.68084636641528,247.8063028984675,59.520289931417274
4204,11.075285636991277,-247.48739649171634,-2.3770444957992116,58.46271707087729,3.5359513061219223,-19.79586963085175,247.76047701092997,57.59715603963564
4205,11.092997316623805,-247.45002496340712,-2.362768570979983,56.6262111297568,4.358574559633087,-19.871110453644402,247.7228514776369,55.60552482039683
4206,11.11046086854489,-247.42170318005773,-2.3487761270020235,54.63395624032829,5.154422595808328,-19.901334188872386,247.69433822971266,53.55951865561211
4207,11.128027786298956,-247.40315861636677,-2.335818986254294,52.48242881658802,5.912425309565252,-19.881725407007856,247.67569564519442,51.47537628995404
4208,11.145977116575624,-247.39496406061937,-2.3246839810211557,50.16983554406787,6.622074583914765,-19.808000504852156,247.66752403998643,49.37102594060506
4209,11.164495344415768,-247.3975388047945,-2.3161892499537715,47.6961205003901,7.273577187558392,-19.676516154263826,247.6702659840266,47.26563327190617
4210,11.183660712858352,-247.4111539512458,-2.3111815143008867,45.06299974754651,7.857997939725438,-19.484370661537934,247.6842109435046,45.17913445065657
4211,11.203433211374863,-247.43594094031104,-2.3105339362875212,42.27402406581839,8.36739275642108,-19.229495020911244,247.70950340092955,43.13176306430262
4212,11.223651072229545,-247.47190216939052,-2.3151438988607516,39.33466742537163,8.79493095168058,-18.910730383653302,247.7461533495866,41.143578647235536
4213,11.244034099826173,-247.5189225628739,-2.325929803397125,36.2524362002009,9.135005755359797,-18.52788885740489,247.79404802166485,39.2340040041611
4214,11.264193588246545,-247.57678108019746,-2.3438258954475524,33.03699207226699,9.383331473892767,-18.081794937490578,247.8529638108535,37.421378404142175
4215,11.28364806234395,-247.64516121635745,-2.369774250990493,29.700279997509032,9.537025113715755,-17.574305368710117,247.92257739561228,35.72253389547635
4216,11.301843685812095,-247.72365947615845,-2.404713298143186,26.256651387715685,9.594669656740644,-17.0083057956642,248.00247498152788,34.15240226493979
4217,11.318177940606446,-247.811790711322,-2.4495624490755863,22.722971682347982,9.556355588201159,-16.38768319251245,248.0921584804721,32.723660375652
4218,11.332025109315964,-247.9089892900333,-2.50520254039149,19.11870065182694,9.423696819370097,-15.717273825024861,248.19104752299452,31.446421669218317
4219,11.342762172614288,-248.01460542801803,-2.572451984889062,15.465933036176834,9.199816926813034,-15.002787413093786,248.2984765664185,30.327981442709223
4220,11.34979390201845,-248.12789661413524,-2.652038955421878,11.7893865004586,8.889301772887721,-14.25070913297262,248.4136869785144,29.37262305135904
4221,11.352576128628357,-248.2480147771408,-2.744570472294736,8.11632350093795,8.498115217737912,-13.468181946922424,248.53581470796203,28.581491430050143
4222,11.350636397832492,-248.373990501376,-2.8504997818249267,4.47639371153594,8.033475874926172,-12.66287237141895,248.6638748340925,27.952539351785635
4223,11.343591464587158,-248.50471608089188,-2.9700938512985533,0.9013844233774416,7.503694690772277,-11.842823239356006,248.7967447911513,27.480550804719666
4224,11.3311612774789,-248.6389294687014,-3.1034031687812176,-2.575131934695241,6.917975410163757,-11.016297371649623,248.93314834715562,27.1572448819354
4225,11.3131791806462,-248.77520129563302,-3.250236193701399,-5.918261113738624,6.286182511736485,-10.191616375297679,249.07164254432317,26.971462601148023
4226,11.289598063422767,-248.91192718633167,-3.4101406168934143,-9.092365040847492,5.618583719633386,-9.376998986681377,249.21060986120315,26.90943793779733
4227,11.260492230850486,-249.04732758069463,-3.5823931459974103,-12.061753028211516,4.925576523610392,-8.58040343760793,249.3482578347042,26.95515285302609
4228,11.226054936935734,-249.17945705696678,-3.7659990376960955,-14.791478373868282,4.217410074423459,-7.809378219099805,249.4826281687559,27.090773991043054
4229,11.186591767220271,-249.30622464410843,-3.959702106098475,-17.24822539459365,3.5039151636273496,-7.070925346218641,249.6116168504247,27.29716572396193
4230,11.142510254861476,-249.42542586613243,-4.162005365297213,-19.401264440501357,2.7942555329195606,-6.371379788464125,249.7330060481674,27.554470079413367
4231,11.09430618016292,-249.53478645854065,-4.3712017944575905,-21.223445201302525,2.0967133033112173,-5.716308157612155,249.8445077551113,27.842738810590404
4232,11.042546959938642,-249.63201695728424,-4.5854140475370535,-22.69219236458397,1.4185197700641639,-5.110429084753201,249.9438183852942,28.142597004512023
4233,10.987852510142426,-249.71487668883228,-4.8026414088859815,-23.790463166106115,0.7657402042479209,-4.557556980814096,250.02868284579677,28.435912230376257
4234,10.930874091136479,-249.78124504909096,-5.020812043961949,-24.50762412976304,0.1432178011452042,-4.060570050036505,250.09696596437192,28.706439483747005
4235,10.872271908091571,-249.82919733218154,-5.23783865723919,-24.840204585907987,-0.4454221784555871,-3.621402544401607,250.14672853433933,28.940410893427185
4236,10.812692500794547,-249.8570818061645,-5.45167592162992,-24.792487378386973,-0.9977113061148065,-3.2410603701161667,250.17630468626797,29.12704055946608
4237,10.752747100932606,-249.86359435333742,-5.660378241384152,-24.37690233033844,-1.5122271901777953,-2.9196583507556477,250.1843769217351,29.258918760876824
4238,10.692992139506039,-249.8478468774703,-5.862156435399164,-23.614195168262892,-1.9884436840492503,-2.6564768125406815,250.1700450264117,29.332275623529508
4239,10.63391296331219,-249.8094257845954,-6.05543186887703,-22.533353160635148,-2.4265553230466046,-2.4500347729836425,250.13288517645663,29.347101519171684
4240,10.57591156929638,-249.7484371221819,-6.238886472470769,-21.17127807305549,-2.8272906013373924,-2.29817684234352,250.0729958179894,29.3071192444745
4241,10.519298833294998,-249.66553546722366,-6.411506872716695,-19.572206577659536,-3.191728814691721,-2.198170810053418,249.9910273852132,29.21961072835697
4242,10.464291389456891,-249.56193442166003,-6.572620521136686,-17.78688752067477,-3.5211340624055882,-2.146812618166875,249.88819366633294,29.095108117353846
4243,10.411013070016764,-249.43939752366677,-6.721921503763909,-15.87153417255919,-3.8168177914778116,-2.1405349924203647,249.76626355678118,28.94696526693506
4244,10.35950063879235,-249.30020939300124,-6.859483893277809,-13.886577666091457,-4.080038233290531,-2.175515528207596,249.6275329410537,28.790830774354664
4245,10.30971342763466,-249.14712789247756,-6.985761114653361,-11.895255266196163,-4.311941550349142,-2.2477796988377183,249.47477741456657,28.64404765559127
4246,10.2615464139791,-248.98331890298616,-7.1015707363468366,-9.962073835084828,-4.513545879836707,-2.3532942223926585,249.3111873923139,28.52500744263691
4247,10.214846260477087,-248.8122758963587,-7.20806523703682,-8.151194601696684,-4.685766146374907,-2.488046577450896,249.14028776929499,28.452487551265172
4248,10.169429819336903,-248.637726859327,-7.306690417786345,-6.524789709357959,-4.829474783890785,-2.6481072241030064,248.9658446996474,28.444999885586206
4249,10.12510445578856,-248.46353138978174,-7.3991339674244845,-5.141423563354691,-4.945591388315099,-2.829672242192601,248.79176234883622,28.520175629974805
4250,10.081689181048805,-248.29357108106015,-7.487267101594749,-4.054512398391259,-5.035192728874757,-3.0290855692215537,248.62197276482874,28.69420630467507
4251,10.039035113676666,-248.13163665727126,-7.573082233784371,-3.310913587787256,-5.099633414950249,-3.2428416873677524,248.4603223425199,28.98135524674737
4252,9.997043486982491,-247.9813156754031,-7.6586294439087546,-2.949692058090731,-5.140666839437273,-3.467571318751891,248.31045868990697,29.39354783391344
4253,9.955679528686066,-247.8458849474011,-7.745954222880988,-3.0011049357268034,-5.16055581155981,-3.7000142468438844,248.17572203844912,29.940043920391535
4254,9.914981059900889,-247.72821213097615,-7.837038697601633,-3.485837509788372,-5.162162589981617,-3.9369845680448274,248.059045650761,30.62719252934343
4255,9.875061352058461,-247.6306710532346,-7.933748338213977,-4.414514021007032,-5.149008868152135,-4.1753343089372,247.9628698190674,31.458266842011415
4256,9.836106367063028,-247.5550750662981,-8.037785963927009,-5.787495899659706,-5.125297644956934,-4.411921356942114,247.8890738036595,32.43337672645802
4257,9.798366883017373,-247.50263200248884,-8.15065452529947,-7.5949681260524065,-5.095890825004943,-4.643587105514657,247.83892933611386,33.54945611805628
4258,9.762146216217786,-247.47392318755954,-8.273629512816473,-9.817301820223964,-5.066238855639504,-4.86714824618295,247.8130781948908,34.8003229583853
4259,9.727784346864993,-247.46890763101598,-8.407740985106706,-12.425668689059645,-5.042261712599904,-5.079405908605277,247.8115350028266,36.1768093474283
4260,9.695639296621525,-247.48695101719574,-8.553764349226086,-15.382871493199579,-5.030183965923731,-5.277173974801646,247.8337148797763,37.66695821644155
4261,9.66606666388178,-247.5268774918491,-8.71221836289305,-18.64434528249968,-5.036330236519618,-5.457326904638397,247.8784839400729,39.25627963783755
4262,9.63939833214828,-247.58704059144043,-8.883368465188562,-22.159277798728244,-5.066890753243568,-5.616865808092104,247.9442289731399,40.928055104642254
4263,9.615921495137929,-247.66540825837174,-9.067233532804108,-25.871794980885845,-5.127669587724572,-5.752999884244231,248.02894125027225,42.663673028244986
4264,9.595859230937883,-247.75965598127553,-9.263594503456888,-29.72215945832479,-5.2238301910158125,-5.863238918555445,248.1303085164388,44.44297527520207
4265,9.579353855687346,-247.86726178156104,-9.472003875422002,-33.6479364338229,-5.359653890125561,-5.94549145134541,248.24580893201934,46.24459453536994
4266,9.566454168779707,-247.98559698536278,-9.691795684748922,-37.58509206526282,-5.538326899746476,-5.998162537213397,248.37280096596126,48.04626641871728
4267,9.557107468223624,-248.1120074215517,-9.922096066013019,-41.46900325021808,-5.7617700906156974,-6.02024468811641,248.50860395199032,49.825107873796696
4268,9.551156869731125,-248.24388085532166,-10.161834881398523,-45.23537282953256,-6.030523242919422,-6.011395657772468,248.65056518658878,51.557863272925125
4269,9.548344031503575,-248.37869804653974,-10.409759107902866,-48.82105857135143,-6.34369195573251,-5.971997248268153,248.7961110146771,53.22112934634688
4270,9.54831696585755,-248.51406663631843,-10.664448665429905,-52.1648358937565,-6.698961097153252,-5.903190331282626,248.94278114217465,54.791578139209214
4271,9.550642326694499,-248.64773883434862,-10.924335161805779,-55.20812151833875,-7.092674103009603,-5.806882712407199,249.08824715913062,56.2462017044438
4272,9.554821423622212,-248.77761533198972,-11.187723676749805,-57.89568707484863,-7.519973044258633,-5.685728177118363,249.2303176851999,57.56260226788983
4273,9.560309147181481,-248.9017388535956,-11.452817324708402,-60.17638782438857,-7.974990612774639,-5.543076863880926,249.36693351466414,58.71934681358969
4274,9.56653490872913,-249.01828128375197,-11.717744087097845,-62.00392273046481,-8.451082337930101,-5.382898858090013,249.49615664655178,59.69639601335147
4275,9.572924606632183,-249.12552846873731,-11.980585353697284,-63.337629436355634,-8.941085615106548,-5.209684450059315,249.61615723687365,60.47560546445479
4276,9.578922598978451,-249.22186668511932,-12.239405702002149,-64.14330314061264,-9.437591513298718,-5.028325720303089,249.72520240369738,61.04128400362189
4277,9.584012720960159,-249.30577439908075,-12.492283608384236,-64.39401393999401,-9.933215686726749,-4.843984928441409,249.82165045292217,61.38078125604337
4278,9.587737462984181,-249.37582221986162,-12.737342983304313,-64.07088492891079,-10.420855783936226,-4.66195558576154,249.90395338175438,61.48506631119206
4279,9.589714440910981,-249.43068286835341,-12.972785578839913,-63.16378488268052,-10.893924227719321,-4.487522103802543,249.9706694396546,61.349252966481174
4280,9.58964926336378,-249.46915171366982,-13.196924373059664,-61.67188578494144,-11.346546899732436,-4.325823541150908,250.02048625684378,60.973025290893354
4281,9.587343936132006,-249.49017722101442,-13.40821801512411,-59.60403713928981,-11.773720031552052,-4.181726269060519,250.05225383773725,60.360920617822146
4282,9.58270010704003,-249.4928996321864,-13.605306333585286,-56.97891562346474,-12.171419548154931,-4.0597094530637845,250.06502569322018,59.52243513154311
4283,9.575716748361579,-249.47669535215297,-13.787046671686578,-53.824919384518545,-12.536659322499991,-3.963766211476684,250.0581055341758,58.47192909362505
4284,9.566482311912884,-249.4412238047044,-13.952550295153106,-50.17978996118542,-12.867497275162957,-3.897322247706151,250.03109622864943,57.2283231995516
4285,9.555161978104385,-249.3864730038376,-14.10121739984879,-46.089960064097035,-13.162990855814181,-3.8631727507274665,249.98394719814877,55.81459305100557
4286,9.541981218432333,-249.31279989563416,-14.232768656372247,-41.60964079902256,-13.423105969561922,-3.863437506017186,249.9169962350247,54.25708369940716
4287,9.527207265022753,-249.22096171801863,-14.347271044155775,-36.7996760700517,-13.648585668060699,-3.899533518640623,249.83100192456507,52.58467922671046
4288,9.51113011838617,-249.1121351084832,-14.445155893110416,-31.72620381316721,-13.84078677232385,-3.9721640587937737,249.7271633491988,50.82787224275719
4289,9.494044514578636,-248.98792031963677,-14.527227307610762,-26.459172663088236,-14.001493956049526,-4.081322919824626,249.60712438594777,49.017784202385265
4290,9.47623396631024,-248.85032864063567,-14.594659365070456,-21.070768224126528,-14.132721682990002,-4.226312805127911,249.47296064362084,47.18518913733833
4291,9.457957679573022,-248.7017520273806,-14.648980724686655,-15.633805176987247,-14.236514763457077,-4.40577703618896,249.32714798892266,45.359590702619684
4292,9.439440852115155,-248.54491504120432,-14.692045664699366,-10.220140170595554,-14.314758135797128,-4.6177440549477,249.17251271389006,43.568395769080695
4293,9.420868581479123,-248.3828103842888,-14.725991179909299,-4.89915622440759,-14.369005738549701,-4.859684342419498,249.01216460730652,41.836218140646906
4294,9.402383357461867,-248.21862039761248,-14.753180626497885,0.26363718408919296,-14.400337048252917,-5.1285793067686924,248.8494153097951,40.18433484783481
4295,9.38408591195401,-248.05562768858002,-14.776135335420154,5.2078522643672995,-14.40924814315139,-5.421001386191888,248.68768518217018,38.63030649354743
4296,9.366039064469538,-247.89711856304015,-14.797456422452713,9.879291987380729,-14.395582149255668,-5.733204094205566,248.530402469084,37.18776344273668
4297,9.348274124019726,-247.74628321977025,-14.819739716030925,14.230821468102315,-14.358501722465627,-6.061220085919888,248.3808988645449,35.86635164432082
4298,9.330799357860705,-247.60611677549585,-14.845487439730475,18.22303099284653,-14.296503924797339,-6.400964666083272,248.24230574017562,34.671825412077624
4299,9.313609976727049,-247.47932515410147,-14.877020927589246,21.82468683552505,-14.20747564945753,-6.7483416035769705,248.1174553019252,33.606269281034905
4300,9.29669899523675,-247.36823972118935,-14.91639889275756,25.012971491305812,-14.088785863716485,-7.099347714129775,248.00879080146188,32.668426922437305
4301,9.280068247802836,-247.27474427173814,-14.965345425952084,27.773519261571217,-13.93740954121365,-7.450172446833269,247.9182896326897,31.854112097279284
4302,9.263738848103253,-247.20021755242354,-15.02519108491156,30.100256665540297,-13.750077304676168,-7.797288692949942,247.84740267107216,31.1566749957607
4303,9.247760470892983,-247.14549389273904,-15.096829405007938,31.995060436063596,-13.523444437236508,-8.137531245216088,247.79701255124323,30.567497306416676
4304,9.232218908494545,-247.11084370992467,-15.180690141137003,33.46724925330227,-13.254272893543583,-8.468159756191161,247.7674127153101,30.07649107480069
4305,9.21724134285569,-247.0959746501557,-15.276729691614122,34.53292898682196,-12.939620049654895,-8.786903644248683,247.7583080134882,29.672579676198126
4306,9.202998731951908,-247.1000530314912,-15.384438488886287,35.21421490398863,-12.577027998449225,-9.091987132647896,247.7688365023202,29.34414364505686
4307,9.18970473647875,-247.12174423505158,-15.502864575385102,35.53835775383046,-12.164707136745806,-9.38213342874262,247.79761103423562,29.079419169573107
4308,9.17761075614535,-247.15926987342755,-15.63065201862849,35.53680346283281,-11.701707589408157,-9.6565479440321,247.84277838558899,28.86684223455492
4309,9.166996892442459,-247.21047895983136,-15.766092285697733,35.244217947575684,-11.188071707595313,-9.914881456642055,247.90209304022045,28.695336134199508
4310,9.15815896353857,-247.27292987748137,-15.907186304045203,34.69750887174092,-10.624960554407544,-10.157175213242311,247.97300230649012,28.554543897363946
4311,9.151392023900671,-247.34397971735305,-16.051714747045636,33.934874869824355,-10.014747118542271,-10.383791034755971,248.0527392113617,28.435009795778786
4312,9.14697117557623,-247.42087752557083,-16.197314043878,32.99490989835186,-9.361069197074103,-10.595330380708884,248.1384195940714,28.32831554884993
4313,9.145130794831319,-247.5008581154316,-16.341555586027635,31.91578617230599,-8.668835692714964,-10.79254696861168,248.22713994220587,28.227177309215982
4314,9.14604355833816,-247.5812332623382,-16.4820255127588,30.734533883483248,-7.9441816413320145,-10.976257931509403,248.3160726767748,28.125509292574897
4315,9.14980070115782,-247.6594772904512,-16.616402398286294,29.486429980691923,-7.194369629077587,-11.14725863017827,248.4025557791315,28.018459285777098
4316,9.156394742592287,-247.73330430781866,-16.74253026910587,28.204502236427388,-6.427638211552567,-11.306246107300018,248.48417389886052,27.90242047226648
4317,9.165705627711171,-247.80073464945568,-16.85848463534197,26.919149123868642,-5.653001237038923,-11.453755759652232,248.55882838907993,27.775023194950826
4318,9.177491034970142,-247.86014839654104,-16.9626294865963,25.657871028477476,-4.880005275263839,-11.590115076273094,248.6247940321562,27.635109442553713
4319,9.19138152959289,-247.91032415381315,-17.0536634048565,24.44510420807736,-4.1184553182642185,-11.71541722843721,248.68076054008552,27.482691930424387
4320,9.206881197170866,-247.95046169685648,-17.13065316116716,23.302145769582946,-3.378121244755836,-11.829515957216746,248.72585735199212,27.318898619765772
4321,9.22337426970694,-247.9801877618848,-17.193053539890037,22.247155790179256,-2.6684390089201213,-11.932041708550042,248.75966092892747,27.145902476041805
4322,9.240138028239507,-247.99954510597703,-17.240712758294,21.295221636961625,-1.9982210131835438,-12.022437443494892,248.78218463206858,26.96683543445908
4323,9.25636192412647,-248.0089658407356,-17.273863673205305,20.458469558892084,-1.3753896156995145,-12.100011135013395,248.7938521872599,26.785685168640008
4324,9.271172383875747,-248.00923078903398,-17.293101860249752,19.74620963084938,-0.806746244609309,-12.164000814013722,248.79545652926112,26.607173487574286
4325,9.283662204205152,-248.00141719987266,-17.299352456802172,19.16510189967944,-0.2977862859865381,-12.213647286303903,248.78810644018535,26.43661600456066
4326,9.292922972524549,-247.98683759296205,-17.29382820591122,18.719333902144452,0.14743294686358882,-12.248269341178915,248.77316385411964,26.27976402722858
4327,9.298078709200206,-247.96697279169862,-17.27798128627542,18.41080241970964,0.5263669252016365,-12.267336338412226,248.75217498872377,26.14263125265935
4328,9.298318917914239,-247.94340236611154,-17.25345127381692,18.239295179715395,0.8380000594089667,-12.270533398485268,248.7267986113497,26.031309591068098
4329,9.292929352901519,-247.9177357858867,-17.22201117027003,18.202670894704454,1.0828048418901648,-12.257814995125962,248.69873480293793,25.951780026410617
4330,9.281319023880522,-247.89154752575035,-17.185513110982857,18.297038236437,1.2626480306471324,-12.229443591739889,248.66965751140702,25.909725640385894
4331,9.263042296468898,-247.86631903343746,-17.145835189045357,18.51693583794538,1.3806500900128498,-12.186011097549086,248.6411538555966,25.910354638442595
4332,9.237815405190085,-247.84338981994117,-17.10483066929825,18.855516101962504,1.4410058498716893,-12.128442277489867,248.61467249794794,25.958241338426042
4333,9.205527165102481,-247.82391911808543,-17.06428059562426,19.30473551712717,1.4487756242190504,-12.05798067025141,248.59148259153957,26.05719259403387
4334,9.166243998775746,-247.80885880705708,-17.025850465699705,19.85555352978806,1.4096568548897703,-11.976158855389503,248.572644049882,26.21014608069737
4335,9.120209524016573,-247.7989377215699,-16.991051419261236,20.49814101009997,1.3297467661073001,-11.884755893622957,248.5589892985374,26.419105362140925
4336,9.067838943198149,-247.7946569833607,-16.961206372781213,21.222098129089616,1.2153065515719097,-11.785745337559229,248.55111618586847,26.685114754248218
4337,9.00970848558448,-247.79629549076054,-16.937421677713267,22.016680073990617,1.0725372082102171,-11.681237355873453,248.5493912395629,27.008274771445826
4338,8.946540273489138,-247.80392416725684,-16.92056498761009,22.871027510959063,0.9073761836320139,-11.573418316052143,248.55396193437133,27.38779650807729
4339,8.879183165375695,-247.81742709461727,-16.91124995324438,23.7743971715776,0.7253224948215727,-11.46449077551949,248.56477616484645,27.822090897397896
4340,8.808590267502131,-247.83652732213582,-16.909828149089666,24.716386570813935,0.5312960020293648,-11.356616361800425,248.58160677329582,28.308886650403803
4341,8.735793856921557,-247.86081499288846,-16.91638834789902,25.687145844701412,0.3295342583751675,-11.251863516708234,248.60407881338259,28.845368991841674
4342,8.661878452393236,-247.88977551723872,-16.93076292221924,26.677569180018423,0.1235279949079186,-11.15216150917895,248.6316972935729,29.42833019356058
4343,8.587952753199103,-247.9228158981611,-16.95254076122361,27.67945839334023,-0.08400596370138282,-11.059261480854975,248.66387348899346,30.054322418605654
4344,8.515121154910107,-247.9592878980701,-16.981085716011975,28.685651928004802,-0.29111754464090117,-10.97470465843732,248.69994846663448,30.719803564956198
4345,8.4444555201208,-247.9985073409648,-17.015559385508183,29.690113831275188,-0.4965867976862423,-10.899797378524218,248.73921305609122,31.421267633367606
4346,8.376967831482133,-248.03976930760567,-17.0549471593691,30.687979042460046,-0.6998636476196354,-10.835592312081443,248.78092396653722,32.15535257142592
4347,8.313584353195404,-248.0823592771179,-17.098086782326405,31.675553396415022,-0.9009905037589635,-10.782875232586541,248.82431607037552,32.918920408140195
4348,8.255122022184764,-248.1255604696523,-17.14369910376475,32.65026893377791,-1.1005143872230487,-10.742156748470597,248.8686111064724,33.70910658325797
4349,8.202267915885175,-248.16865786384005,-17.19042100717918,33.610597246328794,-1.299395008974623,-10.71366852489312,248.91302330225952,34.52333751046828
4350,8.155562663388324,-248.21093965786,-17.23684070842016,34.55592554259362,-1.4989145816061673,-10.697363636420086,248.95676272311704,35.35931746175592
4351,8.115388487818482,-248.25169724578984,-17.28153554137384,35.48640179270989,-1.7005940714712033,-10.692920841628768,248.99903744973588,36.21498772427086
4352,8.081962237029712,-248.29022497797413,-17.323111962522287,36.40275666000439,-1.906119151494495,-10.699752714765552,249.0390558442129,37.088462598482494
4353,8.055333435401842,-248.32582103159083,-17.36024697054979,37.30611096802277,-2.117277459374166,-10.717017628764745,249.07603017601025,37.97794815095472
4354,8.035387188629747,-248.35779065046555,-17.39172967765063,38.19777820009951,-2.3359071493330874,-10.743635536046705,249.10918277347142,38.881650687074526
4355,8.021851695021388,-248.385452795544,-17.416501459683793,39.079071952545576,-2.5638553871254683,-10.778307382754937,249.13775562486674,39.79768263025674
4356,8.014310112835982,-248.40815084921832,-17.433692945128485,39.95112830698754,-2.802944526300356,-10.81953787760178,249.16102394327206,40.723973843966576
4357,8.012216549588835,-248.42526749347365,-17.44265610163026,40.81475268796318,-3.0549432872741438,-10.865661282135811,249.17831368734647,41.65819637735607
4358,8.01491589408256,-248.43624335857527,-17.442989839976775,41.6702998505403,-3.321540341165064,-10.914869941622952,249.18902251712055,42.597710103224905
4359,8.021667052790132,-248.44059861451294,-17.434557814827805,42.517594140159446,-3.6043181740034282,-10.965245417167363,249.19264325297556,43.539535684763514
4360,8.031668928418911,-248.4379563682299,-17.41749741511971,43.35589509112281,-3.9047257827448933,-11.014792245961043,249.1887886122598,44.4803597300284
4361,8.044088268967807,-248.4280664996031,-17.392219290116145,44.18391086987278,-4.224049464267007,-11.061474495808088,249.17721578642966,45.41657492401666
4362,8.058088345072195,-248.41082840430022,-17.359397130659005,44.99985919103885,-4.563381633470302,-11.103255360290012,249.15784927742737,46.344355508409016
4363,8.072857296599173,-248.3863110394958,-17.31994783279089,45.801572378471015,-4.923588234800309,-11.138140021970564,249.13080036434494,47.25976592249776
4364,8.087634954534202,-248.35476868862955,-17.275002639272472,46.58664048306497,-5.305275837802533,-11.164221849052758,249.0963816231464,48.15889796519602
4365,8.10173698586383,-248.31665093833948,-17.225870317425095,47.35258403337207,-5.708759811329394,-11.179731678145092,249.0551150327528,49.03802968901928
4366,8.114575315028233,-248.27260553390525,-17.17399376536136,48.097046212099876,-6.134034974632078,-11.183089515311801,249.0077323998973,49.893797518901074
4367,8.125673998270686,-248.22347316794227,-17.120901620419282,48.81799304181727,-6.580749894089313,-11.172957517869463,248.9551672419194,50.72337184757086
4368,8.134680137467873,-248.17027388240857,-17.068156549088595,49.51390947684501,-7.048185706277932,-11.148292659645989,248.89853791136596,51.524625585018335
4369,8.141369957656762,-248.11418546082805,-17.01730197553838,50.1839790925533,-7.535240164122614,-11.1083971145597,248.83912246560914,52.29628482973779
4370,8.145650623020588,-248.05651473885192,-16.969809071744912,50.82823537698553,-8.040417595846673,-11.052964180769006,248.7783263551764,53.03805104550144
4371,8.147558544710584,-247.99866307893743,-16.927025898397616,51.44767358341127,-8.561825613722641,-10.982117474046468,248.71764433235512,53.750684978706985
4372,8.147254838358434,-247.9420874185034,-16.89013061236511,52.04431381711842,-9.097179640235595,-10.896441046759648,248.6586181434941,54.43604412973866
4373,8.145018349826364,-247.88825844099384,-16.860090573668465,52.62120855170455,-9.643816562687707,-10.7969980155219,248.60279169434983,55.097067931208834
4374,8.14123642092025,-247.8386175820307,-16.837628982583006,53.18239105128944,-10.198719007630539,-10.685335306103246,248.55166551765925,55.73770785135785
4375,8.136393388369315,-247.7945347050256,-16.82320039370232,53.73276505809409,-10.758551734810931,-10.563472380782637,248.5066524677899,56.362803292418576
4376,8.13105671486231,-247.75726827050045,-16.816976108487093,54.27794027705569,-11.319711376939845,-10.433872354959837,248.46903652939807,56.97790808523482
4377,8.125860635124482,-247.72792966519975,-16.818840048797416,54.82402218517752,-11.87839016298348,-10.299394676772083,248.4399364404732,57.58907612615055
4378,8.121487261996405,-247.7074531229027,-16.828395292267984,55.37736802272308,-12.430653419127344,-10.163229423827723,248.42027556894033,58.2026177717648
4379,8.118645225828859,-247.6965723992953,-16.8449810444226,55.94432313965953,-12.972529641405481,-10.028814198004865,248.4107591886521,58.824840668583576
4380,8.11804610215133,-247.69580500430845,-16.867699439455574,56.530953031469615,-13.500110868051129,-9.899735566504699,248.4118599212394,59.46178962625609
4381,8.12037913509764,-247.70544431167087,-16.895451185443218,57.14278640756517,-14.009660025429985,-9.779617990521851,248.42381160943165,60.1189999635244
4382,8.126285095991967,-247.7255593421029,-16.926978691700874,57.7845835830453,-14.497720953515495,-9.672004139251653,248.44661134985444,60.801277559423404
4383,8.13633044039344,-247.75600160019906,-16.96091493350881,58.460142540579575,-14.961226021571207,-9.580231313054114,248.48002898206178,61.51251679924681
4384,8.150983075607925,-247.79641811871628,-16.99583592172979,59.17215242854027,-15.39759571418118,-9.507309294796643,248.52362308276895,62.255564969322506
4385,8.170590925971023,-247.84626978707252,-17.03031428100399,59.922101354344306,-15.804824382298728,-9.455805234290967,248.5767624078903,63.03213873956902
4386,8.19536417355258,-247.90485399616256,-17.062971179804826,60.71024240234365,-16.181546599527778,-9.427741120611744,248.6386516512919,63.84279550351028
4387,8.225361767758807,-247.9713305196292,-17.092523802289403,61.53561907229672,-16.527079339265523,-9.424509028638646,248.70836026290613,64.68695978150915
4388,8.260482688525519,-248.04474935113555,-17.11782577438877,62.3961488636543,-16.841436525709042,-9.446808667787444,248.78485287873548,65.56300272840976
4389,8.300462493455033,-248.12407900542848,-17.13789845657697,63.28876142928093,-17.125314284919718,-9.494610828271473,248.86701973872198,66.4683709066209
4390,8.344875715552696,-248.20823370318095,-17.151951749728486,64.2095853962944,-17.380047177450344,-9.567149120955618,248.95370543288738,67.39975863064863
4391,8.393144508969264,-248.29609797230415,-17.15939395300301,65.15417540089828,-17.60753758685683,-9.662940978931308,249.0437344872727,68.35331609390933
4392,8.444553495776221,-248.38654746929888,-17.159831121079748,66.11776803517847,-17.810162133045214,-9.779837334866322,249.13593262467262,69.32488304808079
4393,8.498270213316015,-248.47846517158644,-17.15305708813803,67.09555247318296,-17.9906604208585,-9.915098828157516,249.22914291885598,70.31023521622834
4394,8.553370174178335,-248.57075249026101,-17.139035723056686,68.08293910512482,-18.152012547988317,-10.065494887117708,249.32223647652222,71.30532841201719
4395,8.608865432458582,-248.66233532302542,-17.11787711714621,69.07580833497339,-18.297312448048128,-10.22742061391758,249.41411775586178,72.30652421753788
4396,8.663735561159182,-248.75216558174074,-17.089809463003483,70.07072239907741,-18.42964421270429,-10.397025222066029,249.5037251456557,73.31078162466612
4397,8.716959917768046,-248.8392191608942,-17.055148467945425,71.0650857614777,-18.55196801171323,-10.570345072499403,249.590027860828,74.3158014294045
4398,8.767549985615641,-248.92249152239222,-17.01426624442213,72.05724392224249,-18.66702123942294,-10.743434287092748,249.67202041907697,75.32011405700437
4399,8.814580514276892,-249.00099203659732,-16.967561663353667,73.04651563850797,-18.77723926110406,-10.912486489239683,249.7487159259222,76.32310626974298
4400,8.857218227179416,-249.07373808139758,-16.915434052848614,74.03315888604409,-18.884698789521494,-11.073942300639409,249.81913925102512,77.324987200005
4401,8.894747044335617,-249.13974990569957,-16.858261819305504,75.01827573873946,-18.991085589494404,-11.224578614413737,249.88232116905385,78.32669872890463
4402,8.926589049848776,-249.19804754201408,-16.796387127567254,76.00366514526543,-19.097686912220947,-11.361577161126808,249.93729479742146,79.32977881858446
4403,8.95232074820912,-249.24765138282794,-16.730107346559233,76.99163492495286,-19.20540779498647,-11.482571316887453,249.98309597607448,80.33618857879975
4404,8.971684410749836,-249.28758799548885,-16.65967361056303,77.98478508624281,-19.31480912082595,-11.585671375601288,250.01876918043527,81.3481144904002
4405,8.984594420176501,-249.3169021942513,-16.585296486392362,78.98577405915687,-19.426164136458702,-11.669469617174684,250.0433799827629,82.36775658284301
4406,8.991138443576384,-249.33467560439007,-16.507158258753826,79.9970781561876,-19.53952902693177,-11.73302747857726,250.05603425928464,83.39711199518888
4407,8.99157310214156,-249.34005132196046,-16.425430728119547,81.02075310826301,-19.654822212253528,-11.77584793095314,250.05590366310753,84.43776180089044
4408,8.986313735019223,-249.33226390053417,-16.34029678567269,82.05820531535602,-19.771906317332125,-11.797836681078085,250.04225646793165,85.49066767417985
4409,8.975917983576819,-249.3106736192629,-16.251973616475997,83.10997978166435,-19.89066628728927,-11.799256007915773,250.0144925898419,86.55598418352994
4410,8.961063259162001,-249.2748036502797,-16.16073533651063,84.17557168857043,-20.011076902958713,-11.780674957619024,249.97218126904835,87.63289234363778
4411,8.942518674953433,-249.2243783788693,-16.06693312086348,85.25326916094753,-20.13325309989914,-11.742919298982839,249.91509956539952,88.71946054654225
4412,8.921112647764838,-249.15936083907945,-15.971011227256486,86.34003582820004,-20.257477162419242,-11.687024109991887,249.8432695765722,89.81254000170327
4413,8.897697948665334,-249.07998702447966,-15.873517649157272,87.43144295955538,-20.384198151353264,-11.614191169147825,249.75699212669537,90.90770308105591
4414,8.873116313787332,-248.9867946915204,-15.775108483753359,88.52166179516016,-20.5140008167201,-11.52575254374473,249.65687456468729,91.9992340546962
4415,8.84816471557384,-248.88064422771382,-15.67654552603193,89.60352657380155,-20.647543637247978,-11.4231409966424,249.5438502924442,93.08018201275921
4416,8.823565104329887,-248.7627292788021,-15.578687067990984,90.66867704464998,-20.785468334706113,-11.307867155204708,249.4191877837086,94.14248466892236
4417,8.79993907741549,-248.6345751720721,-15.482472315629915,91.70778559570793,-20.928285964656165,-11.181502846996656,249.28448721111116,95.17716883171856
4418,8.777788707607385,-248.49802378331515,-15.388900199337458,92.71086863667949,-21.07624718369877,-11.045669612410439,249.14166342149386,96.17462861403894
4419,8.757484623489525,-248.35520435971392,-15.29900365152245,93.66767502658188,-21.229206302586825,-10.90203112901845,248.9929148745556,97.1249763105863
4420,8.739262166745865,-248.20849078286923,-15.213820646747548,94.56813687478021,-21.38649011916643,-10.752288074945708,248.84067913290357,98.01845395969231
4421,8.723225909355824,-248.0604466255794,-15.134363403846326,95.4028608776094,-21.54678315960549,-10.598173771559141,248.68757634684067,98.84588675635003
4422,8.70936206071628,-247.91376002876257,-15.061587150240229,96.16363247823651,-21.708040680026517,-10.441448797557197,248.53634282349108,99.59915363950118
4423,8.697557521333039,-247.77117098429696,-14.996359829906684,96.84390146718114,-21.867439490227163,-10.283892748350361,248.38975730091227,100.27164644473818
4424,8.68762372330088,-247.6353941540843,-14.939434105248095,97.43921678320542,-22.02137440235819,-10.127291508220942,248.25056306819513,100.85868765184506
4425,8.679323033217004,-247.5090408048209,-14.891422816036497,97.94758039326737,-22.165505054524054,-9.973418824495065,248.12138949741797,101.35787820361912
4426,8.672395400272325,-247.39454357783512,-14.852778618975345,98.36969497496004,-22.294854259475414,-9.824011594390665,248.00467666499682,101.76935094580247
4427,8.666583082325118,-247.2940875231634,-14.823777989502057,98.70908717734956,-22.40395518459985,-9.680739028927457,247.9026064254328,102.0959114731643
4428,8.661651617692,-247.20955019845925,-14.804509399834723,98.97209682097366,-22.48704093686726,-9.545166630608891,247.8170426642421,102.34305593207937
4429,8.657405670710244,-247.14245287630277,-14.794865429001378,99.1677316856808,-22.538266881563707,-9.41871660110763,247.74948271399552,102.51886384263516
4430,8.653698924574412,-247.09392418141846,-14.794538724319345,99.30739656391216,-22.551953591698613,-9.30262681548562,247.7010212252668,102.63377235741315
4431,8.650437776528795,-247.0646768488621,-14.803021924607375,99.40451309447052,-22.522836910865337,-9.197910817072954,247.6723271867935,102.70024569574599
4432,8.64757912249016,-247.0549977421743,-14.819611732835433,99.47405286201634,-22.44631127889153,-9.10532137120314,247.6636342611924,102.73235915543776
4433,8.645122928184628,-247.06475074182623,-14.843417280507092,99.53201003791891,-22.318653159595943,-9.02531997643536,247.6747440852454,102.74532083062674
4434,8.643100571685961,-247.0933915668299,-14.873372795603956,99.59484142191104,-22.137212988701833,-8.958054407551256,247.70504163710217,102.75495594351779
4435,8.641560147394822,-247.13999308969872,-14.908254359794803,99.67890124857045,-21.900566335791503,-8.903345882216424,247.75352126151802,102.777178642561
4436,8.640550054135373,-247.2032793766933,-14.946700226142696,99.79989579496093,-21.608617680583947,-8.860686826250099,247.8188215992898,102.82747441861336
4437,8.640102222038312,-247.28166656256784,-14.987233886715986,99.97237907330079,-21.262653025528937,-8.829249512255394,247.89926752607857,102.92041325420604
4438,8.6402162611146,-247.37330866833744,-15.028288988500655,100.2093062551352,-20.86534025271956,-8.807905133316192,247.9929171952155,103.06920969444194
4439,8.640845707898718,-247.47614655289425,-15.068235319039353,100.52165649389705,-20.420678571270276,-8.795252219493488,248.09761236376923,103.2853416975784
4440,8.641887468351404,-247.5879583999558,-15.105405273270309,100.91813194257239,-19.93390056481351,-8.789652779127264,248.2110303990662,103.57823581667958
4441,8.643175447756095,-247.70641047818424,-15.138120320693956,101.40493537809789,-19.411332210373942,-8.789274190981493,248.33073669965114,103.95502233910366
4442,8.644479094843925,-247.82910727084013,-15.16471702738719,101.98562525614781,-18.86021774631712,-8.792134683358617,248.4542366133745,104.42036076066381
4443,8.645507138228293,-247.95364033600774,-15.183572270169108,102.66104441202523,-18.288517354766146,-8.796150206325198,248.57902618699399,104.9763335679831
4444,8.645916271623914,-248.07763538028505,-15.19312747179536,103.42931700442968,-17.704686246480932,-8.799180659985131,248.7026411954028,105.62240476140902
4445,8.645324104745852,-248.19879703777016,-15.191911917443575,104.28590755198253,-17.11744388623568,-8.799073787815383,248.82270390523357,106.35543877365392
4446,8.643325455525945,-248.31495080831303,-15.178565347883033,105.22373585453077,-16.53554180530772,-8.793705494362333,248.93696698931677,107.16977526182718
4447,8.639511069458212,-248.4240815677846,-15.151859970818334,106.23334198314825,-15.967537773891749,-8.781015785863968,249.04335396593592,108.05735545126768
4448,8.633488046031866,-248.52436803638693,-15.110721808621074,107.30309610080465,-15.421583129615854,-8.759039922721549,249.13999550720592,109.00789604875838
4449,8.62490143495583,-248.61421260040854,-15.054251015064509,108.41944844122614,-14.90522888316343,-8.725934755107113,249.22526096467863,110.00910705049645
4450,8.61345647190231,-248.69226594928907,-14.98174056066585,109.56721523351806,-14.42525498471415,-8.680000617284888,249.29778451810924,111.04694997958227
4451,8.5989407775553,-248.7574461218523,-14.89269259174888,110.7298966648732,-13.987525958475006,-8.619699551315723,249.3564854786125,112.10593316427736
4452,8.581245676658193,-248.8089517431006,-14.786831851591996,111.89002304233078,-13.596875025691032,-8.54367094803555,249.40058246702742,113.16944053089541
4453,8.560385659443966,-248.84626942100422,-14.66411575396602,113.02952502268329,-13.257017794484558,-8.450745860153681,249.4296013859527,114.22008990021111
4454,8.536514886741644,-248.8691753728771,-14.524740894959733,114.13012300551802,-12.970495607854552,-8.339961201958882,249.4433772135587,115.24011581930928
4455,8.509939586289663,-248.87773133851977,-14.369145912264894,115.17372949185764,-12.738647818750556,-8.210574794550457,249.44204964231292,116.21177050671157
4456,8.481125324668923,-248.87227481304208,-14.198010662710157,116.1428565085636,-12.561611708162621,-8.062081810929216,249.4260525716313,117.11773466069897
4457,8.450698495901833,-248.85340372503177,-14.012251711246831,117.0210183225791,-12.438348487904928,-7.89423271187549,249.39609757141542,117.94152791980754
4458,8.419441792150627,-248.8219558890596,-13.813014146366827,117.79311793111974,-12.366693771883703,-7.7070522818076075,249.35315165458627,118.66790697516448
4459,8.388283685434809,-248.77898371732897,-13.601659793533306,118.44580456207815,-12.343430979102422,-7.500858885089774,249.29840986776466,119.2832380531729
4460,8.358281954041505,-248.72572466954952,-13.37975196154128,118.96778897378613,-12.36438624730204,-7.276282620274361,249.23326321074782,119.77583002394161
4461,8.330601163399038,-248.6635678623123,-13.149036905729236,119.350103912314,-12.424543444481925,-7.0342807347764635,249.1592623388983,120.13621494134897
4462,8.306483998798615,-248.5940173806906,-12.911422291978756,119.58629872760066,-12.518177634210922,-6.776148519458718,249.07807763078273,120.35736443309746
4463,8.287216596528799,-248.5186532280756,-12.668953117147852,119.67255980956435,-12.639004841134579,-6.5035239268239495,248.99145661602466,120.4348329723569
4464,8.274088481684988,-248.43909137790004,-12.423785649064673,119.60775204192677,-12.780345234133453,-6.218384325338512,248.90118030926712,120.36682254158929
4465,8.268348214658808,-248.3569448001024,-12.178159852946493,119.3933806656547,-12.935295992073266,-5.92303407665148,248.8090204184237,120.15416733181034
4466,8.271156235856537,-248.2737874285284,-11.93437050897848,119.03347748473205,-13.096909243411934,-5.620081953624279,248.71669948845437,119.80024160238429
4467,8.283536655635167,-248.19112280334699,-11.694736967369309,118.53441984246773,-13.258369699933786,-5.312407797229235,248.625855804117,119.31079827661432
4468,8.306329889447674,-248.11035870934063,-11.461571376254607,117.9046948257681,-13.413166083469347,-5.003118286792272,248.53801445915965,118.69374986390898
4469,8.340148122274165,-248.03278863621134,-11.237145303068578,117.15462432719042,-13.555250295572222,-4.695492303916548,248.454565508742,117.95890650695236
4470,8.38533564698509,-247.95958027737976,-11.023654921310454,116.29606859024783,-13.679178561550543,-4.392917065809263,248.37674952344514,117.1176880422148
4471,8.441936163629931,-247.89177054869222,-10.823185235625754,115.34212646170327,-13.780229512540458,-4.098816907913144,248.30565014088305,116.18282772118945
4472,8.50966907628097,-247.83026590922134,-10.637673988283243,114.3068496679969,-13.854495370992577,-3.8165772459712026,248.24219251411932,115.16808457046676
4473,8.587916585676014,-247.77584634171086,-10.46887583935141,113.20498602799657,-13.898944042316115,-3.549466791745843,248.18714611575723,114.08797927898482
4474,8.675722926189799,-247.72917130602661,-10.318327247475697,112.05176274408315,-13.911451827267467,-3.3005614428699452,248.1411302825666,112.95756509902012
4475,8.771806505507362,-247.6907862146301,-10.187312364017309,110.86271606692239,-13.890808393471728,-3.0726733006865756,248.104621086855,111.79224077381666
4476,8.874585085511757,-247.66112829503084,-10.076830252575347,109.65356816335886,-13.83669732505488,-2.8682879624599713,248.0779584042876,110.60760736619258
4477,8.982213570449941,-247.64053097413404,-9.987563862663812,108.4401465247448,-13.74965682334945,-2.6895127010790794,248.06135229057094,109.4193656172354
4478,9.092633438451903,-247.6292261728885,-9.919851443210081,107.23833638241186,-13.631025848545699,-2.5380375267529867,248.0548880125508,108.24324574138475
4479,9.203632301594642,-247.62734421452615,-9.873661462496928,106.06405292947285,-13.482881154713509,-2.4151104428548757,248.05852937822075,107.09495794253729
4480,9.312911498139554,-247.63491140505784,-9.848572513199148,104.93321807687155,-13.307970375005436,-2.32152740177661,248.07212034919124,105.99014982296045
4481,9.418159102253304,-247.6518456576935,-9.843759997180918,103.86172614976542,-13.109645707589003,-2.257636544577642,248.0953852128683,104.94435642913936
4482,9.517125346687896,-247.67795077058727,-9.857991465740684,102.86538429320025,-12.891801946188851,-2.223355394168735,248.12792780413017,103.97292989004714
4483,9.607697126124537,-247.71291013214525,-9.889632253986862,101.95981614154815,-12.658821655902186,-2.2181989156095216,248.1692303953627,103.09093820294379
4484,9.687967898461094,-247.75628072244785,-9.936662591175395,101.16032108731888,-12.415529269197856,-2.241315840657894,248.21865292226786,102.31302629134844
4485,9.75629897978479,-247.8074883393758,-9.996706896602204,100.48168579194616,-12.167154822965648,-2.291530379208207,248.27543322727416,101.65323653755793
4486,9.811368193071406,-247.86582503276998,-10.06707552015061,99.93794904280242,-11.919307030889913,-2.367386386384618,248.33868903164614,101.124790214686
4487,9.852202501891405,-247.93044972311722,-10.144818568915785,99.54212541332151,-11.677954455107153,-2.4671912202817987,248.4074223650666,100.73983535613941
4488,9.878192849899206,-248.0003928508426,-10.226790558935823,99.30589717351546,-11.449412784396026,-2.589056904079908,248.4805271424363,100.50917036031386
4489,9.889091472429874,-248.07456569839127,-10.309723662891042,99.23928724266163,-11.240335703687181,-2.7309367447148167,248.55680050139748,100.4419557592841
4490,9.884993575753253,-248.15177483704198,-10.39030668577637,99.35032842536673,-11.05770657321253,-2.8906561914823365,248.6349584263641,100.54542883800765
4491,9.866306041384725,-248.23074195530478,-10.465266738431888,99.6447455771538,-10.908828101953917,-3.065937396149914,248.71365603384325,100.82463702650972
4492,9.833705945340938,-248.31012904142682,-10.531450682878212,100.12566762899536,-10.80130734567306,-3.2544176045167474,248.79151260838773,101.28220612101089
4493,9.788091629538298,-248.3885685159362,-10.585903562214774,100.7933855016087,-10.743033636036948,-3.4536620824014723,248.8671410840413,101.9181583564938
4494,9.730529033316257,-248.46469751819396,-10.625941421405617,101.64516986736017,-10.742147441166686,-3.6611726970754623,248.93918125893975,102.72979316091235
4495,9.66219593237596,-248.53719516503386,-10.649216318445866,102.67515966121802,-10.806998677108277,-3.874393527952795,249.00633563936051,103.711640264857
4496,9.584326524722893,-248.60482117691694,-10.653771880192728,103.87432857175679,-10.946093609731124,-4.090714964421249,249.06740638628543,104.85549108779507
4497,9.498158450386741,-248.66645385653965,-10.63808818055672,105.2305328634393,-11.168030138710392,-4.30747767179569,249.12133141937815,106.1505103701955
4498,9.404883938310993,-248.7211251913528,-10.601114798249426,106.72864012739211,-11.481421895763688,-4.5219776286941205,249.16721749946677,107.58342620331823
4499,9.30560640571452,-248.7680509702489,-10.542290841444883,108.35073520663059,-11.894812256654287,-4.731473227724672,249.20436820553533,109.13879321243806
4500,9.201303475412557,-248.80665420309316,-10.461550900056412,110.07639683233045,-12.416580135666223,-4.933195192438504,249.23230510679193,110.7993209276198
4501,9.092797028188599,-248.83658068542428,-10.359316439836421,111.88303658240689,-13.05484032701283,-5.124359791011802,249.25078098478338,112.54625747863169
4502,8.98073066282673,-248.85770618702958,-10.236472920330499,113.74629060935345,-13.817342121977058,-5.302185567564493,249.25978460938282,114.35981765403197
4503,8.865554877635804,-248.8701353561186,-10.094333698428654,115.64045402189554,-14.711370825793939,-5.463913602624792,249.25953720588,116.21964389966506
4504,8.747520332276851,-248.87419285869024,-9.934592443519072,117.53894763262922,-15.743657411425483,-5.606831112312902,249.25048119950634,118.10528876467534
4505,8.62667949008537,-248.87040750387268,-9.75926624101379,119.41480676847515,-16.92030164040049,-5.7282979449736775,249.2332620658147,119.99670737550365
4506,8.502896671354783,-248.8594903262558,-9.570631752899665,121.24118173645164,-18.24671339529222,-5.8257752642759035,249.2087043300266,121.87474847189166
4507,8.37586614352785,-248.84230788379648,-9.371156807391161,122.99183915748294,-19.72757569751763,-5.896855520935339,249.17778302893853,123.72163219339019
4508,8.245137425864863,-248.81985217735544,-9.163429720155058,124.64165270656203,-21.366831054200112,-5.939292778617159,249.14159207571547,125.52140215614324
4509,8.110146509767056,-248.7932084124474,-8.950088531850778,126.16707101221685,-23.16769059228571,-5.951032526815549,249.10131076000607,127.26033860480759
4510,7.970251264824545,-248.76352146988987,-8.733752163748285,127.54654988615181,-25.132663160176946,-5.9302401802487825,249.05816923927176,128.92731889261844
4511,7.8247691000933015,-248.7319617808715,-8.5169553299414,128.7609360079464,-27.263599521313864,-5.875327525713962,249.01341369198173,130.51411159437959
4512,7.67301510515877,-248.69969141262246,-8.302089011705558,129.7937899423995,-29.56174522570173,-5.784976557472397,248.9682719176646,132.01559149317634
4513,7.514339298930692,-248.66783135443714,-8.091348326855671,130.6316380529455,-32.02779491100619,-5.658160517331651,248.92392036952322,133.42986466697607
4514,7.348161980680437,-248.63743106153163,-7.886689497862267,131.26414549170565,-34.66194071655526,-5.494162434787318,248.88145368662273,134.7582959467495
4515,7.174006288902466,-248.609441272718,-7.689797225346494,131.6842058974033,-37.46390816589341,-5.292591883487824,248.84185774774366,136.00543502325834
4516,6.991526962415246,-248.58469103660084,-7.502063184279516,131.88794752775482,-40.43297419419195,-5.053400912191467,248.8059871689652,137.17884224346776
4517,6.800534207213043,-248.56386976571068,-7.324575689156591,131.87465996794774,-43.56796382033091,-4.776900081888347,248.7745480294964,138.28882031297877
4518,6.601011746115658,-248.54751496756123,-7.1581198988914645,131.64664984655508,-46.86722412069471,-4.463775184682064,248.74808642564474,139.34806323731362
4519,6.393128600105196,-248.53600607961147,-7.0031873582842366,131.2090376845402,-50.32857647626825,-4.11510457783318,248.72698322922852,140.37123839443612
4520,6.1772447115149305,-248.5295645618235,-6.859993309180795,130.5695106802969,-53.94925033975112,-3.73237630959007,248.7114551605614,141.3745211758357
4521,5.953910931699777,-248.52826005538236,-6.728500088328804,129.7380475668811,-57.72580378676799,-3.3175035473346766,248.7015619499874,142.3751037862462
4522,5.723864100796811,-248.5320220137475,-6.608445035790728,128.7266314978293,-61.65403767920573,-2.8728363760255444,248.69721896777568,143.39070032624633
4523,5.488018013991597,-248.54065584349806,-6.499371603012281,127.54896526202728,-65.72891125657995,-2.4011678424147735,248.69821434147462,144.43906918221563
4524,5.247451031194776,-248.5538623527076,-6.400662646770526,126.22020022428633,-69.94446733512379,-1.9057321230159816,248.70422934614652,145.53757119630887
4525,5.003390936165962,-248.57125919637272,-6.311575043288967,124.75668660107436,-74.29377503736681,-1.3901928134703903,248.71486074495365,146.7027784058905
4526,4.757197448237178,-248.5924029724543,-6.231274638235296,123.17574846744294,-78.7688971523574,-0.858619540702138,248.72964371539456,147.95014374897505
4527,4.5103426827257165,-248.61681063302515,-6.158870267952736,121.4954827787954,-83.36088794831815,-0.31545141768748053,248.7480740003462,149.2937375330453
4528,4.26438992461909,-248.6439789502966,-6.093445442996167,119.73457820871224,-88.05982565233425,0.23455366650936488,248.76962799821635,150.74605216536168
4529,4.020971212094506,-248.67340092713746,-6.034086495512794,117.91214714199357,-92.8548819728239,0.7863843088532765,248.79377966558704,152.31787300932695
4530,3.7817642401503195,-248.7045782544028,-5.979906471509445,116.04756286002069,-97.73442905841019,1.334855072611924,248.820013331564,154.01821040921186
4531,3.5484689549669763,-248.73702917995877,-5.930064485523974,114.16029372409837,-102.68618230318782,1.874699084982232,248.84783179429564,155.8542858987553
4532,3.3227840354368907,-248.77029147746194,-5.883780413478899,112.26972682872258,-107.69737560113357,2.4006719087059287,248.87675939344163,157.83156431869034
4533,3.1063833575538715,-248.80392062855984,-5.840344753784234,110.39497504545223,-112.75496413134056,2.907664207799793,248.90634017338166,159.9538229739765
4534,2.900892520212735,-248.83748388457542,-5.799123535369241,108.55466354267185,-117.84584850840591,3.3908202601788098,248.93613180341913,162.2232490053921
4535,2.707865529583293,-248.87055147443178,-5.75955849130712,106.76669460693607,-122.95711308453633,3.845659083838496,248.9656965295245,164.6405566906349
4536,2.5287617539345972,-248.9026866961484,-5.7211632569009225,105.04799265597012,-128.07627029297134,4.268194793517183,248.99459091593826,167.20511722088236
4537,2.364923290193253,-248.93343683561795,-5.683516843145907,103.41423444516691,-133.19150217929888,4.655052718954264,249.02235635357906,169.91509443589695
4538,2.21755298535897,-248.9623268206519,-5.646255883750312,101.87957238036377,-138.29188971852676,5.003577741017781,249.0485122832562,172.76758092323746
4539,2.0876935240385635,-248.9888573201374,-5.609067095385251,100.45636130053408,-143.3676202344885,5.3119312382750685,249.07255388343253,175.75872971346453
4540,1.9762081313374873,-249.01250862026976,-5.571681099673879,99.15490079716619,-148.41016333294166,5.579173034235062,249.0939555884678,178.88387748223306
4541,1.8837634806468508,-249.03275099975582,-5.533868356426391,97.98320584766756,-153.41240634504132,5.805324847415208,249.1121811839701,182.1376557009027
4542,1.8108153617763316,-249.04906155057094,-5.495437503604272,96.9468181390364,-158.36874141190535,5.991411979358519,249.12670043969854,185.51408660341363
4543,1.7575975881475516,-249.0609466057358,-5.4562358933541635,96.04866896735264,-163.27509800164123,6.1394803048072,249.13701144310272,189.00666122283755
4544,1.7241144999442897,-249.06796827274508,-5.416151640617038,95.28900214996055,-168.12891678615688,6.252586067088187,249.14266712148006,192.60839718828464
4545,1.7101372681980176,-249.06977313062754,-5.3751162145139215,94.66536220487197,-172.9290633809181,6.334756614669389,249.14330399080308,196.3118745941625
4546,1.715204061134825,-249.0661209934334,-5.333106587050613,94.1726494700676,-177.67568341997296,6.390921119810179,249.13867101018297,200.10924920434164
4547,1.7386240075650732,-249.0569117380789,-5.29014618833937,93.8032402945345,-182.37000370009213,6.426811471463816,249.12865651807383,203.99224364794625
4548,1.7794847473455395,-249.0422084019027,-5.2463043115648995,93.54716737937707,-187.01408751999904,6.448834834513998,249.11331144013357,207.95211914020837
4549,1.8366631651726786,-249.02225492974011,-5.201693990984513,93.39235307238387,-191.61055563585333,6.463920749353817,249.09286713976772,211.97963252032434
4550,1.9088387070727226,-248.99748705994443,-5.156468536634122,93.32488698796828,-196.1622871410055,6.479347069199497,249.06774639430654,216.06498575772014
4551,1.994508607520331,-248.9685350048446,-5.110816790106921,93.32933864668455,-200.67211669473585,6.502550403202086,249.03856614360245,220.19777714134162
4552,2.092004504209663,-248.93621696605504,-5.064956958440683,93.3890957654924,-205.142545567605,6.540927893029917,249.0061310416649,224.3669647663188
4553,2.1995102368891697,-248.90152316166703,-5.019128864781135,93.48671924846155,-209.57548378286901,6.601637930889816,248.97141748427072,228.5608534382913
4554,2.315080960639539,-248.86559079845244,-4.973584691536157,93.60430670848696,-213.9720391942256,6.691407714413795,248.93554855293908,232.76711563235
4555,2.4366639165030803,-248.82967112120824,-4.928578585644204,93.72385735236436,-218.3323667335716,6.8163553196574025,248.89976102454634,236.9728556653111
4556,2.5621212507928446,-248.7950901952462,-4.884355631526006,93.82763207973885,-222.65558750076357,6.981833327073475,248.86536612262967,241.16472385543537
4557,2.6892551976821117,-248.76320537022556,-4.8411406561202295,93.89850345199862,-226.93978320500727,7.192300020608338,248.83370597513246,245.32908436306235
4558,2.8158357892606314,-248.7353594374032,-4.799127253314611,93.92029063871577,-231.1820671115104,7.451222834865578,248.8061078016428,249.4522369289289
4559,2.93963104268458,-248.71283440444398,-4.75846743287225,93.87807456356066,-235.37872843084148,7.761017113162581,248.78383776096476,253.52068916039855
4560,3.0584392924330674,-248.69680666293232,-4.719262415746503,93.75848836337256,-239.52544322364497,8.123021471909658,248.768056238384,257.5214726014312
4561,3.170123040854824,-248.6883051523853,-4.681555233627449,93.54997801711984,-243.6175415054169,8.537509273203655,248.75977617913458,261.4424927106035
4562,3.2726435012728423,-248.68817393527868,-4.645325892243118,93.24302757116594,-247.65031741463497,9.003734011281235,248.7598258846227,265.2729001434985
4563,3.3640949795441104,-248.69704038250256,-4.610489902780256,92.83034273940285,-251.6193671260059,9.520004934694892,248.76881747302733,269.0034684506232
4564,3.442738353091574,-248.71528991948776,-4.576900918806029,92.30698583167091,-255.5209377046872,10.083788032625476,248.78712195614258,272.62696153536496
4565,3.507033066539123,-248.74304803695478,-4.544357957240995,91.67045413991511,-259.35226933794536,10.691826617726312,248.8148516346156,276.1384730699647
4566,3.555667188221298,-248.78017007969896,-4.512617198340339,90.92069342967388,-263.1119133332752,11.340275128995149,248.85185031630004,279.53571965579954
4567,3.5875851057685377,-248.8262391548804,-4.481407744982899,90.06003850320583,-266.8000088763916,12.0248395261615,248.89769168164943,282.8192699509294
4568,3.6020123437531844,-248.8805722473538,-4.450450196178423,89.09307433006725,-270.4185027531225,12.740917871211181,248.95168585815028,285.99269338329555
4569,3.5984767879482416,-248.94223427692333,-4.419476634245839,88.02641416134885,-273.9712980805858,13.483735407402136,249.01289390830613,289.0626145134544
4570,3.5768254123522976,-249.01005947917267,-4.388250617218333,86.8683952496504,-277.4643206312874,14.248469508344467,249.0801495811201,292.03866263050185
4571,3.5372355507138846,-249.08267924334766,-4.3565858632530245,85.6286979479496,-280.90549460110356,15.030361101080375,249.15208743028606,294.9333106684308
4572,3.4802198697618394,-249.1585554196614,-4.324362442886366,84.3178995367943,-284.3046236189511,15.824810449822763,249.22717628518618,297.7616027942129
4573,3.4066244403760586,-249.23601803808043,-4.291539493200431,82.94697947438648,-287.6731772917534,16.627456424198353,249.30375699747952,300.5407757077616
4574,3.3176196280614456,-249.3133062499654,-4.258163751617481,81.52679716581359,-291.02398843291513,17.43423944734878,249.38008326540296,303.28978441249325
4575,3.214683915456764,-249.38861107729144,-4.2243735218015654,80.0675661681301,-294.370871086883,18.24144910079842,249.45436412296445,306.0287485568597
4576,3.0995811350449096,-249.46011832751955,-4.190397984569508,78.5783495605013,-297.7281742205459,19.04575775410854,249.52480646542642,308.7783400257504
4577,2.974331784253916,-249.5260499683541,-4.156552050049101,77.06659989312034,-301.11029015609387,19.84424157008504,249.58965592620783,311.55913595935465
4578,2.8411790660365086,-249.58470245135314,-4.123227179890913,75.53776390996423,-304.5311401431942,20.63438995030404,249.64723461803672,314.3909635931972
4579,2.702550136301936,-249.63448087736867,-4.090878735804622,73.99496765779594,-308.0036616001953,21.41410417793874,249.69597465406258,317.2922641222604
4580,2.561012877789533,-249.67392837460955,-4.060010477245891,72.43879238909929,-311.5393221638425,22.18168586876836,249.7344468397504,320.27950206993853
4581,2.419228441340693,-249.7017505063731,-4.031156964701983,70.8671466100467,-315.1476844902646,22.935815879472976,249.76138437142933,323.36664428721673
4582,2.279899829447855,-249.7168348913626,-4.0048648770095685,69.27523533575398,-318.83604268250303,23.675524465427618,249.77570174472078,326.5647287820768
4583,2.145716961637494,-249.71826647002715,-3.981674528371961,67.6556244622559,-322.6091465452691,24.400153643674926,249.77650932971872,329.8815384080246
4584,2.019298973930876,-249.70533897904983,-3.9621030063334177,65.99839626868695,-326.46902409863134,25.10931282699757,249.76312420130233,333.3213885357743
4585,1.9031349124116645,-249.67756326027683,-3.946630218569446,64.29139132787212,-330.41490651204884,25.802828774542604,249.73507787739314,336.88503173332083
4586,1.7995243209860896,-249.63467309214704,-3.9356887609671194,62.52053220931462,-334.4432534287468,26.480690735036777,249.69212167590484,340.56967666746243
4587,1.7105193554804075,-249.57662927698476,-3.929658099641949,60.6702247780593,-338.54787108982293,27.142991448888903,249.63423043963098,344.3691133342401
4588,1.6378700274489266,-249.50362268103575,-3.9288632867344346,58.72383299938172,-342.7201112182314,27.78986459747301,249.5616053359203,348.2739326707875
4589,1.5829741569379965,-249.41607675249097,-3.9335782686695686,56.66422237899949,-346.94913561562686,28.42141945196186,249.47467626414905,352.2718258181453
4590,1.5468336643956666,-249.31464969888302,-3.944033586822733,54.474365093415656,-351.2222300035604,29.03767387579083,249.37410406003764,356.3479468738402
4591,1.530018886308259,-249.200235991835,-3.9604278593973743,52.13799632816785,-355.52515076657556,29.63848737552245,249.26078217083992,360.48532284181726
4592,1.5326425670554926,-249.0739663016031,-3.982942087139761,49.640306473757654,-359.84248969763087,30.22349644496124,249.13583690578432,364.665295455839
4593,1.5543450278696969,-248.93720454733284,-4.0117557379942586,46.96864805811862,-364.1580441731548,30.792054927273867,249.00062494459496,368.8679812551688
4594,1.5942917519469477,-248.79154059403658,-4.047063665608992,44.11323029056784,-368.4551828323443,31.3431825162914,248.8567266268586,373.07273825154243
4595,1.6511842823745855,-248.6387771769794,-4.089092979250824,41.067768694444766,-372.7171992579596,31.875524811987866,248.70593358833932,377.2586292888264
4596,1.7232849362594482,-248.48090978830908,-4.138118855742679,37.83005342626392,-376.9276479586601,32.38732845556204,248.550229455554,381.4048734514435
4597,1.8084554019711871,-248.32009851883737,-4.194478004856721,34.40239837749541,-381.07065794977734,32.87643467339433,248.3917625565295,385.49127751848084
4598,1.904208791222366,-248.15863129557448,-4.258578257069617,30.7919347142154,-385.13121945673873,33.34029394242044,248.23281004153856,389.498639595015
4599,2.0077741340198547,-247.99887862939352,-4.330902704898828,27.01071751785637,-389.0954389688351,33.77600340639652,248.07573347196245,393.4091169744972
4600,2.1161716120401497,-247.84324077116884,-4.412007024442433,23.07562261633164,-392.95075743932784,34.18036718841879,247.9229267134987,397.2065503839801
4601,2.226296061122214,-247.69408887419306,-4.502508988237194,19.008022008164186,-396.68612626438403,34.5499780349234,247.77675766664177,400.8767373672923
4602,2.335005544316276,-247.55370226545656,-4.603069746770717,14.833239485800663,-400.292136064764,34.88131705745229,247.6395058733496,404.4076488120757
4603,2.439211278507459,-247.42420423340207,-4.714367216999054,10.57980187382043,-403.76109434850105,35.170867009931506,247.51329835395268,407.7895844536556
4604,2.535965134079398,-247.30749884644734,-4.837062796578275,6.278514396307512,-407.0870497903807,35.415233732223605,247.40004616138054,411.0152653710004
4605,2.6225414546431045,-247.20521123279576,-4.971763424372461,1.961399921180436,-410.26576294571936,35.61127007573768,247.3013840984372,414.07986374792335
4606,2.69651081871126,-247.11863356583964,-5.118981556617387,-2.33944969031099,-413.2946254887196,35.756196663778695,247.21861590218623,416.98097225787046
4607,2.7558041179901065,-247.04867882895257,-5.279095905141244,-6.593056733367259,-416.17253230089125,35.84771412015526,247.15266705821153,419.71851718599805
4608,2.798765745520551,-246.99584431515794,-5.4523158320972955,-10.770720282672201,-418.8997127283277,35.884101876510144,247.1040472972906,422.29462075815746
4609,2.824194900061605,-246.96018671778074,-5.638652082294653,-14.84710511159369,-421.47752890328326,35.86429932169593,247.07282471996928,424.71341908667307
4610,2.831374180036684,-246.94131054516055,-5.837895994408364,-18.801208765746072,-423.9082500721424,35.787965863155854,247.05861335455234,426.98084269745925
4611,2.820084817948278,-246.93837137348396,-6.0496085010532425,-22.61716634454961,-426.19481236099165,35.65551737847336,247.06057571293232,429.10436684258485
4612,2.7906081268872387,-246.95009501863368,-6.273119312003888,-26.284862147293698,-428.34057336706326,35.46813746546338,247.0774414532059,431.092738788171
4613,2.743713027539262,-246.97481299252746,-6.507535959836044,-29.800327933284294,-430.34907042611417,35.22776279428735,247.10754252596902,432.95568901267796
4614,2.6806299168606933,-247.01051371154992,-6.751761982980537,-33.16591816780298,-432.22379044665956,34.93704272696889,247.14886427490026,434.70363276498415
4615,2.603011636602963,-247.05490804605526,-7.004523261100871,-36.39026240387229,-433.9679579879039,34.599274219225315,247.1991110798454,436.3473677975394
4616,2.5128828592088586,-247.10550702494712,-7.264401206121269,-39.48800320184823,-435.5843470158794,34.218313837390106,247.25578435067246,437.89777345134013
4617,2.4125797159812805,-247.15970876848766,-7.529871164244304,-42.479334292765614,-437.0751206638428,33.79846948492902,247.3162699307151,439.3655157290952
4618,2.304681843387044,-247.2148910161348,-7.7993441419926075,-45.38935793496155,-438.4417023576824,33.34437518534371,247.3779312519893,440.7607625396934
4619,2.191939209995849,-247.26850511924764,-8.07120992225341,-48.2472828199912,-439.68468074123064,32.86085309192202,247.43820407899048,442.0929128436591
4620,2.0771961620375894,-247.31816723613505,-8.343879781856124,-51.08548497281276,-440.80374983790654,32.35276777650343,247.4946885411957,443.37034289926265
4621,1.963315120126316,-247.361742663942,-8.615827294997553,-53.93845454855189,-441.7976847600641,31.824878624141288,247.54523435079372,444.60017218676415
4622,1.8531022702567361,-247.39741963835567,-8.885626014089661,-56.841651939428,-442.66435204053033,31.281696598236593,247.58801549993206,445.7880509245441
4623,1.74923742493486,-247.4237694785506,-9.151983073590761,-59.83029771308012,-443.400752388418,30.727351606746733,247.62159127990498,446.9379704959891
4624,1.6542100110268954,-247.43979069526128,-9.413767911250337,-62.93812289092987,-444.0030924913804,30.165476233169116,247.64495120626952,448.05209773071726
4625,1.5702628707674804,-247.44493562537815,-9.670035395229752,-66.19610888787054,-444.466881546612,29.599110817053447,247.6575423807387,449.13063396364225
4626,1.4993452002835432,-247.43911919209046,-9.920042844479193,-69.6312496842021,-444.7870476117183,29.03063385141738,247.65927886198764,450.1717001748871
4627,1.4430754892265603,-247.42271032441639,-10.163260846654778,-73.26537188020129,-444.9580686410768,28.461720430682142,247.65053356559082,451.171250203696
4628,1.4027148463227224,-247.39650727816235,-10.399378334921018,-77.11405053979004,-444.9741131303187,27.89333006510162,247.63211393955794,452.1230148289587
4629,1.3791506845665422,-247.36169861236039,-10.628302881086517,-81.18565958336804,-444.8291854906939,27.32572363252799,247.605223189423,453.0184801689168
4630,1.372890412218716,-247.31981201864787,-10.850157426261925,-85.4805944861371,-444.517271485155,26.758507647748676,247.57140927701948,453.84690415293824
4631,1.384064526337442,-247.2726536282761,-11.065274596637975,-89.99070191318424,-444.0324792131707,26.190702527914972,247.53250433875002,454.59537463542375
4632,1.4124383460812795,-247.22224071826105,-11.274189292135752,-94.69894568194445,-443.3691712546779,25.62083029645044,247.49055744616211,455.24891206308257
4633,1.457431536980783,-247.17073074877325,-11.477629467276488,-99.57933134983338,-442.52208376383504,25.04701635030035,247.44776361081645,455.790618580468
4634,1.5181445127778375,-247.12034937310452,-11.676504218594161,-104.59710320077293,-441.48642863413653,24.467099588655646,247.40639161271716,456.20187419844956
4635,1.5933907327085743,-247.07331960823993,-11.871887834951123,-109.7092179364667,-440.25797539125534,23.878745356932566,247.3687127624763,456.46257925970986
4636,1.6817338579283674,-247.03179391747295,-12.064998611643682,-114.86508944872277,-438.83311023167215,23.27955624427946,247.3369322829979,456.55144099308205
4637,1.7815287114968141,-246.99779067243583,-12.257171898714336,-120.00758905991236,-437.2088706298078,22.667176696551834,247.31312474915055,456.4463005244733
4638,1.8909650049723132,-246.9731363770474,-12.449827693883298,-125.07427588613682,-435.38295516359,22.039388520306343,247.29917498319844,456.124495339633
4639,2.0081128472991474,-246.95941506801682,-12.644433732793678,-129.99882281647587,-433.3537095627782,21.394195471717225,247.29672586928857,455.5632508497273
4640,2.130969126088838,-246.95792627409165,-12.842465314209763,-134.7125953789683,-431.120091333647,20.729896114597548,247.30713453261373,454.7400933675876
4641,2.257503931573791,-246.96965267513852,-13.045363116995283,-139.14633386943672,-428.6816165663415,20.04514494584443,247.33143808882917,453.6332755050628
4642,2.385706280272613,-246.9952381739808,-13.254490226464252,-143.23188392880982,-426.03829365714824,19.339002381774584,247.37032973924357,452.22220387670103
4643,2.5136284917622973,-247.0349766262836,-13.471089607054216,-146.90391763614613,-423.19054965630636,18.610974488693756,247.42414552086564,450.4878581995776
4644,2.6394286345492946,-247.08881106226892,-13.696243286370827,-150.10158651508922,-420.13915571243825,17.861043291505226,247.49286161034118,448.4131905527296
4645,2.7614104094102934,-247.1563428487831,-13.930834472679368,-152.77004997895006,-416.8851585084438,17.089688233457323,247.57610169276978,445.98349381262864
4646,2.878059655060346,-247.23684987172456,-14.175513746896101,-154.8618278471488,-413.4298245594104,16.297899111046945,247.67315353237606,443.1867291891002
4647,2.988076404957907,-247.3293125766685,-14.430670421898967,-156.33793351459204,-409.77460370633315,15.4871806905664,247.78299363547427,440.01380434708295
4648,3.090401211025393,-247.43244665517346,-14.696410130137428,-157.1687546466238,-405.9211170726521,14.6595491598058,247.9043188424074,436.4587956932405
4649,3.184234382980749,-247.54474117997563,-14.972539647752383,-157.3346601571811,-401.8711731844166,13.817520440695628,248.0355836976881,432.5191108214671
4650,3.2690468860165476,-247.66450090445431,-15.258559884543928,-156.82632485814122,-397.62681397832444,12.964090117162817,248.17504235716422,428.1955896113459
4651,3.3445818397344573,-247.78989124891137,-15.55366777640778,-155.64477564754102,-393.1903901720207,12.102704355029601,248.32079359106683,423.49254481543454
4652,3.410845882121174,-247.91898435044365,-15.856767376898246,-153.80117447027484,-388.5646631152394,11.23722082251212,248.47082727712703,418.4177448937385
4653,3.4680901968209685,-248.04980459976912,-16.166489812441647,-151.31636258856426,-383.7529279747318,10.37185841026576,248.62307079738233,412.98234312727055
4654,3.516781728295732,-248.18037235397716,-16.481221198328313,-148.2201972299933,-378.7591511389973,9.511134634101415,248.77543399548946,407.2007575597229
4655,3.5575658441346567,-248.3087449039925,-16.799137318589803,-144.55071515527644,-373.58811323732823,8.659790053484132,248.92585173248105,401.0905061308102
4656,3.5912223044685976,-248.43305414101,-17.118243837536212,-140.35315829314632,-368.24554827277547,7.822699819335538,249.07232344728632,394.67200067372704
4657,3.618616861117812,-248.5515405785649,-17.436420837393666,-135.67889491876926,-362.7382691504733,7.004773431093036,249.21294934435184,387.9683025606085
4658,3.640651132497021,-248.66258341101297,-17.7514703999565,-130.58426677837733,-357.0742703875346,6.2108447599199375,249.34596284965932,381.0048420588233
4659,3.6582135152257265,-248.76472623030574,-18.061165825247183,-125.1293890576897,-351.2627999995141,5.4455552699088745,249.46975890714447,373.80910323063864
4660,3.672133762757249,-248.85669802974087,-18.363301075724504,-119.37692701862741,-345.31439435000095,4.713234123446376,249.5829176898871,366.4102766475904
4661,3.683143519874231,-248.93742921123098,-18.655739186301762,-113.39087106444296,-339.24087191652166,4.017779533461987,249.68422339262554,358.83888329189506
4662,3.691844588422705,-249.00606236950782,-18.93645859090458,-107.23533111968771,-333.0552842450547,3.3625463371794373,249.77267783530718,351.12637462456
4663,3.6986860615059265,-249.06195760874292,-19.203596505096797,-100.97337132467128,-326.77182465814667,2.750245195098924,249.8475085918248,343.30471566971295
4664,3.7039508079167773,-249.10469218171775,-19.45548861979627,-94.66590667741104,-320.40569741795014,2.1828588543033134,249.908171388119,335.4059598165346
4665,3.707751231804926,-249.13405449792282,-19.690704375991274,-88.37068382778494,-313.9729519338054,1.661580432717548,249.95434675805174,327.46182560511784
4666,3.7100338048158545,-249.150033029284,-19.908077084075167,-82.1413681302843,-307.49028818156273,1.1867777290354904,249.9859314158238,319.5032868130057
4667,3.7105915184494878,-249.1528011477882,-20.10672824673587,-76.02675771612196,-300.97484071098415,0.7579862596975163,250.00302530712693,311.560187508305
4668,3.709083088195215,-249.1426992348476,-20.28608561454357,-70.07014232041374,-294.4439493963881,0.3739321530133251,250.0059156118546,303.660893257619
4669,3.705057476383394,-249.12021547302533,-20.445894607471423,-64.308819773403,-287.9149253972409,0.0325842728271558,249.99505904307838,295.8319883659433
4670,3.697982136851836,-249.0859666909418,-20.5862227639851,-58.77377673556019,-281.4048206597778,-0.26876683025665793,249.9710637442429,288.0980270264116
4671,3.6872733295185443,-249.0406805499965,-20.707456984703683,-53.489533113748394,-274.93020878941155,-0.5334070778690663,249.9346720102105,280.4813438380411
4672,3.672326872273279,-248.98518016375667,-20.81029359188123,-48.47414254039995,-268.50698436403786,-0.765079163886159,249.88674488062478,273.00192661364395
4673,3.6525477966448445,-248.92037185115,-20.895721508276303,-43.739335213817085,-262.1501868119014,-0.9678506555147246,249.82824929043704,265.67735198532307
4674,3.6273776125121033,-248.84723618266233,-20.964999032343272,-39.290784964880295,-255.8738538492586,-1.145975853644607,249.7602479416661,258.5227821392489
4675,3.596318265609616,-248.7668219049918,-21.019624775835176,-35.12847998162855,-249.69090813188367,-1.3037574734796051,249.6838915039904,251.55101909282928
4676,3.5589522824077897,-248.68024186180148,-21.061303469730507,-31.247176155661275,-243.61307921618445,-1.445414130686668,249.60041230555026,244.77261124262458
4677,3.514958928595207,-248.58866977579925,-21.091907579613125,-27.636913165313796,-237.65086121840045,-1.5749592481760653,249.51111845018895,238.19600545320301
4678,3.464126402991191,-248.4933367205239,-21.113435855165623,-24.283575653385665,-231.8135048389876,-1.6960962109413316,249.41738728059215,231.82773675333547
4679,3.40636012396501,-248.39552617390103,-21.12796989615581,-21.16948459435102,-226.10904083457058,-1.812133428280324,249.32065716907346,225.67264679145813
4680,3.3416870765282063,-248.29656661352954,-21.137629593760142,-18.274006580260053,-220.54433068716423,-1.925921610211561,249.22241666747257,219.73412158726666
4681,3.2702560880462643,-248.19782070529627,-21.144528127656805,-15.574170790918359,-215.1251392026042,-2.0398142225436793,249.12419012483423,214.01433878853754
4682,3.19233390190983,-248.1006703581949,-21.150727201892977,-13.045284584726998,-209.85622309576024,-2.1556508518366515,249.02751910439503,208.51451460018973
4683,3.1082970697096917,-248.00649737897572,-21.158193315112385,-10.661538968719176,-204.7414293130921,-2.274762111580415,248.93393940358982,203.23514083118204
4684,3.018619968368407,-247.9166601476566,-21.168755935027878,-8.396594942767264,-199.78379693214885,-2.3979937523975967,248.84495417657791,198.17620316514936
4685,2.923859602618756,-247.8324674207476,-21.18406839578596,-6.2241412836690655,-194.98565697007717,-2.525746846259819,248.76200434253303,193.33737284389386
4686,2.8246381686709587,-247.7551507406467,-21.205572170698524,-4.118414191023009,-190.34872527280882,-2.6580304265738968,248.68643782281177,188.71816542639004
4687,2.721624513449966,-247.68583686965644,-21.23446498254178,-2.054669705806604,-185.87418471492296,-2.7945228874671906,248.61947907585508,184.31806202939745
4688,2.61551555243957,-247.6255213445787,-21.271673110005974,-0.009601105978270873,-181.56275406702025,-2.9346387031714394,248.5622000681144,180.13659030983794
4689,2.507018464292209,-247.57504392570604,-21.31782827878352,2.038304433214514,-177.41474197289006,-3.077597404147586,248.51549349951068,176.17336428045462
4690,2.39683424024147,-247.5350665354069,-21.373249639865687,4.108472950947309,-173.43008547256605,-3.222492078491952,248.48004893313328,172.42808377627864
4691,2.285643063404214,-247.50605424343598,-21.437931438996074,6.21801470834463,-169.60837339710767,-3.368354955201672,248.456332450321,168.90049596314995
4692,2.174091988702402,-247.48825989490763,-21.511537005060568,8.38155649252861,-165.94885573829825,-3.514217945300736,248.44457049361165,165.5903226634642
4693,2.062785362691058,-247.48171302120156,-21.593399650302363,10.611130446454387,-162.45044074119497,-3.659166393107985,248.44473860032204,162.49715843095083
4694,1.9522782955131772,-247.486213655283,-21.682531069523606,12.916113225170463,-159.1116819608667,-3.8023846737870657,248.45655570753414,159.62034521495843
4695,1.843073299928227,-247.5013315472218,-21.77763790879778,15.303208630943526,-155.93075787020547,-3.9431926069884082,248.4794845871651,156.95883013025076
4696,1.7356200112642584,-247.52641107131996,-21.877147258060408,17.776466976348065,-152.90544683072642,-4.081071948687079,248.51273876933882,154.51101333593084
4697,1.6303177354194454,-247.56058193944787,-21.979241675137214,20.3373351817076,-150.0331003646333,-4.2156825540281035,248.55529612081344,152.2745933648908
4698,1.5275204305739662,-247.60277574810243,-22.081903799416562,22.984732872776824,-147.31061765765844,-4.346868244365211,248.60591911044253,150.2464174023275
4699,1.427543595405664,-247.651748289747,-22.182969747642577,25.715151261432695,-144.7344239718619,-4.474652940490288,248.66318162261894,148.42234386821943
4700,1.3306724058039905,-247.70610732044491,-22.2801895876455,28.522773061138285,-142.30045506631424,-4.599228131945891,248.72550186375506,146.79712408958204
4701,1.2371703051932081,-247.76434516442743,-22.37129251491619,31.39961282924516,-140.00414883928943,-4.720933128592453,248.79118053583005,145.36430883872123
4702,1.1472871435314274,-247.82487538017068,-22.45405402053219,34.335677794781105,-137.84044435184242,-4.8402297467484505,248.8584432625299,144.11618416967065
4703,1.0612659861866605,-247.88607280055237,-22.526362312664187,37.319149450217736,-135.8037873264517,-4.957673151836488,248.92548633573443,143.04373946369716
4704,0.9793479618837297,-247.94631638072164,-22.586281418496736,40.3365861130643,-133.88814027665546,-5.073880579940273,248.9905249837738,142.1366690649123
4705,0.9017749197958402,-248.0040341515279,-22.63210862459126,43.37314654054442,-132.08699473482707,-5.189499662221046,249.05184324833826,141.38340752573748
4706,0.8287900283882371,-248.05774915342374,-22.66242420135668,46.41283477641131,-130.39338269546823,-5.30517811348323,249.1078441626025,140.7711974514809
4707,0.7606366197505003,-248.10612473179955,-22.676131775897392,49.43876686926872,-128.7998844595438,-5.421536581723725,249.15709847040816,140.28618835736975
4708,0.6975555539732279,-248.1480071513666,-22.672488239279716,52.433460834834314,-127.2986306399571,-5.5391464131637225,249.19838975295306,139.91356489967953
4709,0.6397812573878844,-248.1824630809337,-22.651122526302835,55.3791519318993,-125.88129719106432,-5.658513926054563,249.23075346532553,139.63770325529865
4710,0.5875365128237388,-248.20880911364975,-22.612042912950127,58.25813552470022,-124.5390938098269,-5.780072493210194,249.25350702654373,139.44235502306017
4711,0.5410261477117231,-248.2266304193025,-22.55563282305508,61.0531389650033,-123.2627476482755,-5.904183275128292,249.26626806859042,139.3108583624019
4712,0.5004299926356308,-248.2357862684584,-22.48263572055934,63.74772155095367,-122.04248571073762,-6.031144817856232,249.2689586443141,139.22637574684794
4713,0.46589576376948694,-248.23640152286168,-22.39413036407916,66.32669751609207,-120.86802041054467,-6.161211026001393,249.26179460901332,139.17215645754592
4714,0.4375326700122608,-248.22884474626503,-22.291498159310724,68.77657154027936,-119.72854345151336,-6.294616374619433,249.24526098721776,139.13181982967095
4715,0.41540643669166283,-248.2136948191465,-22.176384393336008,71.08597046619553,-118.61273345329019,-6.431606683243892,249.2200753645579,139.08965264330772
4716,0.3995361320601646,-248.19169871174083,-22.05065496177742,73.24605013620406,-117.5087825180555,-6.572473289943504,249.187142094564,139.03091145690274
4717,0.38989286657976696,-248.16372356959715,-21.916350075660638,75.2508537433498,-116.40444618082867,-6.71758798474624,249.14750059320275,138.9421186550609
4718,0.38640025159464186,-248.13070662551925,-21.77563641946495,77.09759838304129,-115.28711989548265,-6.867435631473172,249.10227134667664,138.81133991955053
4719,0.38893645697738266,-248.09360659309738,-21.630759188488117,78.78686942975999,-114.14394349993434,-7.0226411354756,249.05260339149928,138.62843090635764
4720,0.3973377178278894,-248.05335998133472,-21.48399521613153,80.32270725193638,-112.96193316828183,-7.183987403506909,248.999626789935,138.38524203420357
4721,0.41140315445930453,-248.01084513015488,-21.337607994069558,81.71257668615672,-111.72813837181151,-7.352421248218986,248.9444129510656,138.07577213587328
4722,0.4309007765909441,-247.96685573565097,-21.193804950381942,82.96721572069353,-110.42981947519989,-7.529044842626438,248.8879445847944,137.69626387908906
4723,0.45557452049330915,-247.9220844179364,-21.054697137319437,84.10036536308404,-109.05463994291172,-7.715091325781741,248.83109584988176,137.24523604812364
4724,0.48515207780179953,-247.87711584078798,-20.922261605492135,85.12838746988618,-107.59086590469148,-7.911884416523705,248.77462223198438,136.7234499664769
4725,0.5193531117672211,-247.83242828233932,-20.798307032584873,86.06978154238814,-106.0275651623933,-8.120783231090973,248.71915910729805,136.13380969430565
4726,0.5578972762081192,-247.78840233043582,-20.68444336928219,86.94461544882796,-104.35479763147049,-8.34311473404176,248.66522773882159,135.48119832773943
4727,0.6005113392691521,-247.74533524674737,-20.582056265535137,87.77388897098822,-102.56378961317596,-8.580097283979038,248.61324732062604,134.77225582640222
4728,0.646934738548691,-247.7034593161754,-20.492286882441167,88.57885303410296,-100.64708503258944,-8.832759567873847,248.563551442503,134.0151071892775
4729,0.6969230751019463,-247.66296233138073,-20.416017428702823,89.3803112501048,-98.59866765608895,-9.101859853119333,248.5164071578908,133.2190531787455
4730,0.7502493219076042,-247.62400855644432,-20.35386246605999,90.19793353761125,-96.41404917222982,-9.387810847692558,248.4720350088396,132.39423872652534
4731,0.8067027509581438,-247.58675904780984,-20.3061657937495,91.04961350896448,-94.09031889386785,-9.69061541539081,248.43062887848842,131.55131624873616
4732,0.8660857148240196,-247.55139071486937,-20.27300253444566,91.95090151749278,-91.62615186661641,-10.009817853867883,248.392375032099,130.70112210209086
4733,0.9282085138193041,-247.51811368931683,-20.254185823223747,92.91454338985977,-89.02177350439983,-10.344474416777146,248.35746987734163,129.8543842131065
4734,0.9928827081479855,-247.48718646909163,-20.249277269613664,93.95015077481597,-86.27888058387636,-10.693145371060899,248.32613585242416,129.02147746268605
4735,1.05991339739669,-247.45892806768208,-20.2576002567266,95.06402274275675,-83.40052048525592,-11.053909355630177,248.29863460662895,128.2122407059066
4736,1.1290911466136793,-247.43372613948299,-20.278255233375432,96.25912997482004,-80.39093285501917,-11.424399408768934,248.2752763847218,127.43586538817695
4737,1.2001843275956452,-247.41203987049943,-20.310136373523385,97.53526302124656,-77.25536020156362,-11.80185892661405,248.25642436190108,126.70086068561525
4738,1.2729326134183396,-247.39439645988355,-20.351949217046112,98.8893353831788,-73.9998360913647,-12.18321501804023,248.24249272912095,126.01509416324208
4739,1.3470422157556399,-247.381380325011,-20.402229127924695,100.31582148637796,-70.6309613882784,-12.56516612479316,248.2339376499542,125.38590048972472
4740,1.4221832314899712,-247.37361465302772,-20.459360610447533,101.80729998215169,-67.15568023280008,-12.944280245247324,248.23124071214085,124.82024434444477
4741,1.4979892050828463,-247.3717354906472,-20.521597693381803,103.35506522507391,-63.581068073754544,-13.317099589051221,248.2348850742299,124.32491800698745
4742,1.5740587479177346,-247.37635918783064,-20.58708568443261,104.94976505523815,-59.91414389713668,-13.680247071844803,248.24532513349752,123.90674993016464
4743,1.6499588407804466,-247.3880447013267,-20.65388457270965,106.5820216595882,-56.16171771454842,-14.030529844407052,248.2629512242701,123.57279844456522
4744,1.7252293378329806,-247.40725299093702,-20.71999422608135,108.24299445198544,-52.33028234480397,-14.365035109272684,248.28805156731877,123.33050502271159
4745,1.7993881837401537,-247.43430640545162,-20.783381364925663,109.9248493636612,-48.42595563870666,-14.681213843297371,248.32077433795155,123.1877843579171
4746,1.8719368984209048,-247.46935140243556,-20.842008151568027,111.62110704900716,-44.45447574078122,-14.976948732201778,248.36109315401177,123.15303361569893
4747,1.9423659704043044,-247.51232800896932,-20.893862113686264,113.3268523888093,-40.42124801187372,-15.250603615451473,248.408779338543,123.23505000440545
4748,2.010159953769652,-247.56294898851306,-20.936987008656747,115.03879836084181,-36.331438214087626,-15.50105295884516,248.46338386447516,123.44285357746622
4749,2.074802239937257,-247.62069075441732,-20.969514120524476,116.75520795913424,-32.19010292423528,-15.727691180388673,248.52423096054778,123.78542021649861
4750,2.1357795761463656,-247.6847968943276,-20.989693316685475,118.47568756561904,-28.002345291660195,-15.93042289362872,248.59042417484645,124.27133735367588
4751,2.192586385425538,-247.75429406568531,-20.995923006497733,120.20087330058706,-23.773482432115618,-16.109636159606573,248.66086458072857,124.90840150411773
4752,2.2447288725130004,-247.82801917779187,-20.98677811435361,121.93203787894639,-19.50921003454708,-16.266161558014964,248.7342799717439,125.70318155582824
4753,2.291728883681908,-247.90465617904442,-20.961035404872653,123.67064911352797,-15.215750146493837,-16.401220283761297,248.80926332389942,126.66057469536493
4754,2.3331275551119983,-247.98278034306512,-20.91769581461245,125.41791242239606,-10.899969541686536,-16.51636460582905,248.88431841363382,127.78338275751749
4755,2.368488871128934,-248.06090765282227,-20.856003640396818,127.17432869775335,-6.569458447570168,-16.61341395277101,248.95791020665501,129.07193577635493
4756,2.3974033223166376,-248.13754670564606,-20.77546249855305,128.93929602462092,-2.232562535366254,-16.694389621765843,249.02851746389385,130.52378681928903
4757,2.4194919223171802,-248.21125051204558,-20.675848005346943,130.71077947808732,2.1016353091593785,-16.761450643584517,249.09468496429452,132.13349816811785
4758,2.4344108837316676,-248.28066565309197,-20.557217159435986,132.4850680848343,6.423383131394355,-16.816832737380167,249.15507283815248,133.89253398040066
4759,2.441857180404047,-248.34457649337187,-20.41991434042939,134.25663239044536,10.722374054061236,-16.86279168289905,249.2085007296143,135.78926904936532
4760,2.441575008487809,-248.40194251673964,-20.26457358203264,136.0180901570813,14.987899374689746,-16.901551929602807,249.25398485277722,137.80911740407393
4761,2.4333629032378816,-248.45192735401517,-20.092116404136444,137.76028170713806,19.209031169287318,-16.935260861923393,249.29076647295747,139.93477846687585
4762,2.4170811105359338,-248.49391862747166,-19.903744232256436,139.47245054935584,23.374823490351634,-16.965948773823577,249.31833087548736,142.14659258849696
4763,2.3926587854541657,-248.5275382321648,-19.700924484381375,141.14251941614899,27.474520784697575,-16.99549423635742,249.3364163801259,144.42299232178436
4764,2.360100625459783,-248.55264308918285,-19.485369755042683,142.75744690636975,31.497762628256528,-17.02559426301357,249.34501339872605,146.74103104695143
4765,2.319492612271247,-248.5693168008481,-19.259010039320685,144.30364573164522,35.434775129987294,-17.05773864430245,249.34435396613273,149.076966746368
4766,2.2710066825411945,-248.57785305249675,-19.023958484565544,145.76744028790057,39.27654124094137,-17.09318809391443,249.33489262897106,151.40687604351376
4767,2.214904375026789,-248.57873204866044,-18.782471641569916,147.1355391330983,43.01494454487685,-17.13295633012795,249.31728005543334,153.7072722454464
4768,2.1515396974725536,-248.57259169929284,-18.536905511471637,148.39549717462097,46.6428836599065,-17.177796737114086,249.29233117897678,155.95570119573892
4769,2.0813614935487585,-248.56019556064382,-18.28966873015295,149.53614316060646,50.15435685489252,-17.228194657607343,249.26098997722815,158.13129034295363
4770,2.004915454132315,-248.54239958839503,-18.04317395298781,150.54795055695573,53.54451861789661,-17.284366558378164,249.22429301469984,160.21522957625976
4771,1.9228457079662593,-248.52011960116158,-17.79978804904631,151.42333401574996,56.80971151885835,-17.346267230005225,249.18333367956254,162.19116693421768
4772,1.8358957485489837,-248.49430106251617,-17.56178138413349,152.15685905754805,59.9474776788315,-17.41360584845624,249.13922872509121,164.04550787293638
4773,1.744908325707003,-248.46589242608798,-17.331276512750918,152.74535871239792,62.95655448107821,-17.485871240454586,249.09308836060373,165.76761280933832
4774,1.6508238260542356,-248.43582287659038,-17.11019704970231,153.18795702929384,65.83685891128015,-17.56236620558932,249.04599075395865,167.3498935204331
4775,1.55467661059647,-248.40498485476076,-16.90021817191442,153.4860049830572,68.58946421383372,-17.642250363941898,248.9989614106302,168.78781415448623
4776,1.4575888190038242,-248.3742212951517,-16.702720809347895,153.64293893632387,71.21657151539905,-17.72459071815883,248.9529574801036,170.0798067042045
4777,1.3607612591218872,-248.3443170879329,-16.518751882376655,153.66407518982913,73.72147780690679,-17.808418832688716,248.9088566456008,171.22711358534917
4778,1.2654611017178656,-248.3159940177409,-16.34899289735061,153.5563562231901,76.10854030688633,-17.892793109257983,248.86744999242558,172.23357144105995
4779,1.1730062008935553,-248.28990842865457,-16.19373893295923,153.32806511229253,78.38313588238219,-17.976864045901696,248.82943822658208,173.1053506232496
4780,1.0847460251303802,-248.26665103067566,-16.052889599139345,152.98852449902154,80.5516130464423,-18.059939719415876,248.79543075214536,173.8506642597346
4781,1.0020394050810721,-248.24674838004424,-15.925952887332414,152.54779554097044,82.62123327602643,-18.141548215785956,248.76594719299,174.47945966417
4782,0.926229512215186,-248.230665529714,-15.812061990425592,152.01639058395574,84.60009814825031,-18.221493493976112,248.74142085937413,175.00310328030648
4783,0.8586166511559568,-248.21880927428813,-15.710004360811196,151.4050109884625,86.4970591343511,-18.299901229041833,248.72220353998088,175.43406852627598
4784,0.8004295837897263,-248.21153146064574,-15.618261706755982,150.72431878106767,88.3216078092358,-18.377251480799234,248.70857101226423,175.78563399081057
4785,0.7527961793497713,-248.20913199866231,-15.535059351513434,149.9847478197937,90.08374566532962,-18.454395532014487,248.70072880943795,176.0715976138817
4786,0.7167142020352855,-248.2118613534282,-15.458423317958037,149.1963571807233,91.79383453615834,-18.532554934301412,248.698817925198,176.306010900879
4787,0.6930230930467398,-248.21992233984292,-15.386243515684134,148.36872671207522,93.46243064899018,-18.613301643982037,248.70292017812437,176.50293596211228
4788,0.6823777340344026,-248.23347100455396,-15.316341353873112,147.51089238914682,95.10010728583804,-18.69851899039378,248.71306292009248,176.67622728103007
4789,0.6852252883797698,-248.2526163495253,-15.246539907997494,146.63131741741034,96.71727264069594,-18.790343990954995,248.72922273308262,176.83933956870038
4790,0.701786148091013,-248.27741867713732,-15.174734446837986,145.73789403580585,98.32399043879994,-18.891092261731803,248.75132776846314,177.00516276292527
4791,0.7320397716247915,-248.30788645049398,-15.098960763526861,144.83797062254445,99.92981105377899,-19.00316760949458,248.7792584781622,177.18588505577713
4792,0.7757159210544406,-248.34397178163647,-15.017458508503177,143.93839887180928,101.54362020159523,-19.128959375163003,248.81284669320848,177.39288466376814
4793,0.8322915731146748,-248.38556494426768,-14.928726768460775,143.0455962939625,103.17351095532563,-19.2707316043927,248.85187329173104,177.6366507832568
4794,0.9009935709132982,-248.43248855124224,-14.831569530223847,142.165619878868,104.82668308117313,-19.430508955587747,248.89606496518928,177.92673373503777
4795,0.9808069038042403,-248.48449213385126,-14.725129275059205,141.30424727037402,106.50937183416276,-19.609964799763418,248.9450907247821,178.27172368389694
4796,1.0704883868411665,-248.5412477709406,-14.608907555868601,140.46706208564973,108.22680659425716,-19.81031721089576,248.9985587382168,178.67925652261764
4797,1.1685854536098657,-248.60234716853356,-14.482771981340404,139.65953996754658,109.98319819980661,-20.03223848669155,249.05601387562646,179.15604452453218
4798,1.273459732850875,-248.66730023883383,-14.34694973537753,138.88713153845723,111.78175260461992,-20.27578339784639,249.11693603702335,179.70792819439643
4799,1.383315015120336,-248.73553486505023,-14.202008625344263,138.155337686631,113.62470755883881,-20.54034045946265,249.180739027022,180.33994443797891
4800,1.496229105078496,-248.80639731672528,-14.048827379230138,137.4697717266537,115.513388379506,-20.824609201105385,249.2467695660716,181.05640486471253
4801,1.6101888800211672,-248.87915282414215,-13.888557201580454,136.83620218269587,117.4482785169904,-21.126604858070664,249.31430608594005,181.8609769433795
4802,1.7231276776415423,-248.95298611378755,-13.722576475119544,136.26056951994704,119.429100494777,-21.44369031399035,249.38255723692632,182.75676005601528
4803,1.8329640110425052,-249.02700209695357,-13.552440199687988,135.74897033715004,121.45490280668005,-21.772633648145487,249.45066039911873,183.7463483798446
4804,1.9376405865038429,-249.10022721719832,-13.379825555954778,135.30760347870256,123.52414839795107,-22.1096883977439,249.5176807829428,184.83187303084836
4805,2.035162595173243,-249.17161210466924,-13.206475059337583,134.94267423230443,125.63480042820866,-22.450692723699483,249.58261184051815,186.01501703051986
4806,2.1236342140408677,-249.2400361749854,-13.034139069935081,134.66025511384817,127.78440121972665,-22.791183086216137,249.6443777054251,187.29699837418602
4807,2.201292307600919,-249.30431478284606,-12.864519590897597,134.46610450733672,129.97014075012248,-23.12651773057636,249.70183835428242,188.67851870100327
4808,2.2665366377435734,-249.36320965507494,-12.69921704178766,134.36544744011297,132.18891177745115,-23.452005184826362,249.75379828621686,190.15967766234775
4809,2.3179564182719625,-249.41544356453355,-12.53968119876353,134.36272586696992,134.4373496300017,-23.763033070800855,249.79901973114852,191.7398558985233
4810,2.354353503929358,-249.45972030291796,-12.387167148372129,134.46132880318686,136.7118557792996,-24.05519283723301,249.83624147561764,193.41757236970508
4811,2.3747626018917307,-249.49475069764577,-12.242697059924929,134.66331521176073,139.00860546761632,-24.324396486049903,249.86420406998238,195.19032439659347
4812,2.378468579117936,-249.51928468610896,-12.107028677901557,134.96914443333998,141.32354077560007,-24.566981873651287,249.88168143667724,197.05442087102048
4813,2.3650203802623455,-249.53214855489267,-11.980631485967546,135.37742993695906,143.6523514699915,-24.779803653900768,249.8875179756141,199.00482046406165
4814,2.3342405150047907,-249.53228565921083,-11.863671480726625,135.8847321469865,145.99044670010693,-24.96030741484804,249.88066944850436,201.03498717743815
4815,2.286228703196734,-249.51879842562695,-11.756005511938286,136.4854050357375,148.33292114778183,-25.106585151012844,249.86024539279654,203.13677528349825
4816,2.2213582257124536,-249.49098925720136,-11.657186200768074,137.17150911625833,150.6745196411886,-25.2174109790523,249.82555062420337,205.30035468284427
4817,2.140264016035973,-249.44839807650484,-11.566478251247629,137.93280055728673,153.0096045014816,-25.292256888619193,249.77612350900523,207.51418605219598
4818,2.0438225959359264,-249.3908345513325,-11.482886142260854,138.75680256104442,155.3321298991088,-25.3312891766459,249.71176900840146,209.76505289149168
4819,1.933125203817286,-249.3184033980108,-11.405191817381315,139.6289611190445,157.6356271640321,-25.33534694293468,249.63258485173964,212.03815477664085
4820,1.809446258364404,-249.23152145902523,-11.331999733941275,140.53288302363262,159.91320434209806,-25.30590461293378,249.53897949082523,214.3172629463427
4821,1.6742094045946063,-249.13092554903537,-11.261786075135774,141.45064977888572,162.1575624475852,-25.245020891149007,249.43168077761698,216.5849360309532
4822,1.5289530559326743,-249.01767044121087,-11.192949077460922,142.36319704818257,164.36102995216228,-25.155276801926114,249.31173468797547,218.82279049788568
4823,1.3752968858485553,-248.8931167958442,-11.123857907283485,143.2507457682638,166.51561609075705,-25.039705537146272,249.18049385471937,221.01181742447844
4824,1.2149102673908074,-248.7589092014762,-11.052898057948557,144.09326831181053,168.6130825209156,-24.901716740132173,249.03959605372793,223.13273465918968
4825,1.0494832541210075,-248.6169447882817,-10.978511831460949,144.87097123194124,170.64503177297516,-24.745017651382387,248.89093309118206,225.16636141011546
4826,0.8807003952980972,-248.46933319630924,-10.899233165960569,145.56477517626138,172.60300986436832,-24.573533253004854,248.73661088352816,227.0940008796289
4827,0.7102175142600891,-248.31834910331685,-10.813716733685876,146.1567724790789,174.47861950001152,-24.391327206574854,248.5789019644066,228.89781578375775
4828,0.5396415072312924,-248.16637895951965,-10.720761659974222,146.6306437361713,176.26363950037953,-24.202525006652625,248.4201921057583,230.56118150618468
4829,0.3705131479466474,-248.0158639172935,-10.619330397453407,146.97201638917727,177.95014555986901,-24.01124037485692,248.26292308041874,232.0690023261516
4830,0.20429277159304265,-247.8692411038784,-10.508563406415911,147.16875103188485,179.53062720210946,-23.821505521856228,248.10953374989626,233.40797769785505
4831,0.04234860443571523,-247.72888531999348,-10.387790441876986,147.21114475079509,180.99809589254485,-23.637205574216274,247.9624015948757,234.56680793982525
4832,-0.11405254088288187,-247.59705301035396,-10.256539310575729,147.09204516361183,182.34617970529925,-23.462017265511214,247.82378656701312,235.53633182311623
4833,-0.2637524705295306,-247.47583012386306,-10.114542748967043,146.80687365879766,183.56920073741497,-23.29935194656629,247.6957789020928,236.3095922660876
4834,-0.40570695685293845,-247.3670853647975,-9.9617436248437,146.35356135561148,184.66223260430826,-23.152303071735492,247.58025240055224,236.88183043389506
4835,-0.5389894758988831,-247.27243022479522,-9.798298287525586,145.73240616868014,185.6211367514954,-23.023598548567623,247.47882455577036,237.25041272401663
4836,-0.6627936029049597,-247.1931869579878,-9.624577809211159,144.94586371897574,186.44257782974017,-22.915558626038212,247.39282468009083,237.41469904943563
4837,-0.7764343107256622,-247.13036534519173,-9.441166951964004,143.99828830856595,187.12401983570916,-22.830060220844153,247.323270865009,237.37586413586425
4838,-0.8793483327527377,-247.08464875814064,-9.248860702900583,142.8956424376838,187.66370599594578,-22.76850867450659,247.27085627588158,237.1366859298202
4839,-0.971093670108418,-247.05638969523923,-9.048658086565386,141.6451941737789,188.06062641127238,-22.73181794096166,247.23594493513295,236.70131651086598
4840,-1.0513483271796649,-247.04561460761533,-8.841752811240946,140.25522101387284,188.31447822271744,-22.7204001982715,247.2185767878587,236.07505104864435
4841,-1.1199084537138115,-247.05203746963002,-8.629520193074622,138.734736803259,188.42562339487029,-22.734165856629765,247.21848147384497,235.26410932258787
4842,-1.176686156674393,-247.07508119312243,-8.413499690474483,137.09325505377822,188.39504904119886,-22.772534818476636,247.23509987040404,234.27544221613337
4843,-1.2217072175763477,-247.11390570371114,-8.195372305044968,135.34059805212783,188.22433455652146,-22.834459549560627,247.26761218569473,233.11657266204762
4844,-1.2551088050641999,-247.16744135168062,-7.976932186079602,133.48675688023874,187.9156287811537,-22.918460012246236,247.3149712373398,231.79547708052897
4845,-1.2771370992692166,-247.2344262614625,-7.76005209914644,131.5418032216848,187.47163911902425,-23.0226698379494,247.37593949171298,230.32050971257877
4846,-1.2881446411073219,-247.31344607912635,-7.546642995798174,129.5158498916418,186.89563310239416,-23.144892378525988,247.44912831321065,228.70036869210827
4847,-1.2885871920185634,-247.40297433751377,-7.338608676599025,127.41905367010979,186.1914514987687,-23.28266462110313,247.53303765852792,226.94409951567062
4848,-1.2790198713880272,-247.50141153752224,-7.137797267510053,125.26165140803785,185.3635308371309,-23.43332652949071,247.62609435424977,225.06112898672654
4849,-1.2600923092507321,-247.60712125734776,-6.945951661729271,123.05401857297815,184.4169322974556,-23.594093282008654,247.7266873230951,223.06132086049612
4850,-1.2325425576676619,-247.71846212853785,-6.76466111395008,120.80673845605023,183.35737332970976,-23.762128069774352,247.83319865122405,220.95504337592354
4851,-1.1971895434227915,-247.83381514113944,-6.595316011324997,118.53067024466324,182.1912581545409,-23.934613442352152,247.94403000556494,218.75323866018024
4852,-1.154923821080004,-247.95160624328255,-6.439067776895649,116.23700504394705,180.92570336004994,-24.1088195092534,248.05762440871482,216.4674845226757
4853,-1.1066962582915507,-248.07032450541644,-6.296795902688359,113.93730049635934,179.56855499467466,-24.28216763113477,248.17248368358594,214.11004017562763
4854,-1.053504213804369,-248.18853628138498,-6.1690839686853325,111.64348661951249,178.12839373389892,-24.45228861538862,248.2871820400895,211.69386866254655
4855,-0.9963749662599566,-248.3048959043752,-6.056205969988704,109.36783765125749,176.61452480951928,-24.617074828645624,248.40037637423447,209.23263007425692
4856,-0.9363465917723094,-248.41815353399465,-5.958123492997066,107.122906958994,175.0369494496615,-24.774725948308216,248.51081391598174,206.7406409282351
4857,-0.8744469091589379,-248.52716077826778,-5.874493569497417,104.92142434351416,173.40631468464488,-24.9237882409179,248.61733785654417,204.23279640551445
4858,-0.8116713255790168,-248.63087461307373,-5.804686588573052,102.77615719690087,171.73383869456524,-25.063187297182168,248.71889147349228,201.72445354025626
4859,-0.7489604545895883,-248.72835995630294,-5.74781344289121,100.69973881525652,170.03120954995742,-25.192254101709395,248.81452109965753,199.23127498537798
4860,-0.6871783488654999,-248.8187911039218,-5.702760921154008,98.7044686542447,168.31045626705898,-25.310744162177727,248.90337812666158,196.76903463485502
4861,-0.6270921359152769,-248.9014521282643,-5.668233981128599,96.8020904542772,166.58379252346495,-25.418849145869437,248.98472011909735,194.3533881419163
4862,-0.5693537791890511,-248.97573629041491,-5.642802955852822,95.00355501544544,164.86343508267245,-25.51720010269038,249.05791105501717,191.99961320954992
4863,-0.5144846325703951,-249.0411445793885,-5.624953285724432,93.3187750898805,163.1614008550681,-25.60686101150607,249.12242075892726,189.72232643660624
4864,-0.4628634174733529,-249.0972836738666,-5.613135319743679,91.75638049795204,161.4892884467151,-25.68931121745662,249.1778237740883,187.5351854449904
4865,-0.41471819270790405,-249.14386384209575,-5.6058120641967895,90.32348220053258,159.85805186353284,-25.766415416564755,249.2237981468268,185.45058688992117
4866,-0.37012278354549527,-249.1806974272457,-5.601503240588693,89.02545463961042,158.2777755888111,-25.840380195409715,249.2601247375904,183.47937261516802
4867,-0.3289980046457583,-249.2076985328949,-5.598824433335004,87.86574613525895,156.75746138105708,-25.91369672011569,249.2866876503996,181.63055749332207
4868,-0.2911178608316076,-249.22488433569475,-5.596520413700182,86.84572739688697,155.3048376931334,-25.989069963532092,249.3034761914796,179.91109320282752
4869,-0.25612073151084735,-249.23237817356983,-5.593492031341822,85.96458812404235,153.92620244348976,-26.069335818523783,249.31058849512632,178.32568213304023
4870,-0.22352535669205542,-249.23041423436428,-5.5888164645631395,85.21929111459893,152.62630886449716,-26.157368468260273,249.30823663888575,176.87665460519722
4871,-0.19275125408092605,-249.21934330972203,-5.581761046618408,84.60459220722215,151.40830228933822,-26.255981316910827,249.29675271771507,175.56392057913004
4872,-0.16314295498237635,-249.19963872264537,-5.571791170165664,84.11313271611947,150.27371310154086,-26.367825479679148,249.2765949950904,174.38500401081188
4873,-0.13399712266593033,-249.17190130597382,-5.558572794730353,83.73560869271556,149.22250783146444,-26.495290211250754,249.24835301748126,173.33516413468334
4874,-0.10459130528142616,-249.13686230215868,-5.541969853685823,83.46101827358495,148.25319680863103,-26.640409719463225,249.21275056699469,172.40760335668634
4875,-0.07421291256564069,-249.09538319165998,-5.522036547861128,83.27698446886455,147.362993231954,-26.80478062865302,249.1706454577033,171.5937564562927
4876,-0.04218701753041065,-249.04845154256972,-5.499004367809203,83.1701460427508,146.54801537703673,-26.989493993388706,249.12302526292626,170.88365076859938
4877,-0.007901697308028515,-248.99717196501106,-5.473263836685071,83.12660391760141,145.8035211990173,-27.195085224190706,249.07099805355,170.26632232522334
4878,0.029170202711967585,-248.94275132687088,-5.445341349979624,83.13240536963575,145.1241629748292,-27.42150451582892,249.01577730706748,169.73026896727933
4879,0.06945374354249885,-248.88647769205204,-5.4158719654458,83.17404390299356,144.50424894123034,-27.668109335264912,248.95866046043764,169.26391859643022
4880,0.11325951081337399,-248.8296929350713,-5.385569424776557,83.23894974108973,143.93799911562854,-27.933679274322984,248.90100108067008,168.8560893003618
4881,0.16077627994449792,-248.77375954443727,-5.3551949099543785,83.31594479224309,143.4197835150735,-28.216452186813083,248.84417518981493,168.49641820201137
4882,0.21206849862599803,-248.72002269851868,-5.325525949439984,83.39563693101223,142.94433259903232,-28.514179132985923,248.7895428503091,168.17573749417923
4883,0.2670781528470869,-248.6697692689828,-5.2973265798979945,83.47073149723929,142.506911703215,-28.82419443424637,248.73840668208692,167.88637908715188
4884,0.3256304738953838,-248.62418590641659,-5.27131955021657,83.53624287293337,142.10345329903623,-29.143496295632094,248.69196947745965,167.6223934141575
4885,0.3874428773465655,-248.58431867089624,-5.248161155713084,83.58959544725107,141.7306429865018,-29.468833063220934,248.651293386098,167.37967293122412
4886,0.45213648498478876,-248.5510367141221,-5.228419227558258,83.6306105666429,141.38595715869863,-29.79679018253612,248.61726318644307,167.15597632599855
4887,0.5192495625363543,-248.52500228328788,-5.212554873586569,83.66138333203064,141.06765227409656,-30.12387322818732,248.59055592459327,166.95085494817272
4888,0.5882521969928863,-248.50664880870312,-5.200908703282857,83.68605946430563,140.7747076961125,-30.44658300750588,248.57161869488573,166.76548806501802
4889,0.6585615285940654,-248.49616815239193,-5.193692263268118,83.7105272872218,140.50672614899216,-30.76147977171527,248.56065565021632,166.60243794286802
4890,0.7295568608416901,-248.4935074312214,-5.190985063043069,83.74204298241466,140.26379795912413,-31.065234940334836,248.5576246595762,166.4653393316345
4891,0.800594039025078,-248.4983753315814,-5.192736932714022,83.78880884483915,140.0463372970085,-31.35467022876505,248.5622435224786,166.35854067241556
4892,0.8710186423982018,-248.5102575019147,-5.198774825116156,83.85952470155327,139.85490046794695,-31.626785394674876,248.57400530888734,166.28671630473477
4893,0.9401777651084164,-248.5284403871439,-5.20881284692099,83.9629323818421,139.68999776232744,-31.87877680482496,248.59220216680976,166.25447017465734
4894,1.0074304247729529,-248.55204270824825,-5.222464320945087,84.1073724806459,139.5519113123977,-32.10804960086282,248.615956781539,166.26595206102323
4895,1.0721568748736545,-248.58005362044605,-5.23925488584015,84.30037181965109,139.44053166806674,-32.31222641133308,248.64426050686012,166.32450711099105
4896,1.133767238944652,-248.61137633436067,-5.258635874992014,84.54827899867523,139.35522526758797,-32.489155355018774,248.6760169457509,166.43237841120984
4897,1.1917098871778236,-248.64487565977075,-5.279997396949,84.85596414364426,139.2947435373159,-32.63691957856505,248.71008943764082,166.59048029316804
4898,1.2454798564681377,-248.67942759235768,-5.302680612194269,85.22659725183223,139.25718198782866,-32.75384988064405,248.74535057108892,166.7982570119214
4899,1.2946274593751865,-248.71396876751908,-5.325988710045684,85.66151726125374,139.2399944791449,-32.83854123901214,248.7807315434546,167.05363738197872
4900,1.3387671460674353,-248.74754340798054,-5.349196201752116,86.16020094711493,139.24006400200105,-32.88987341539138,248.81526899371312,167.35309100626887
4901,1.3775867127315413,-248.7793453590205,-5.37155647700811,86.7203367652153,139.25382712690435,-32.907035341834906,248.84814690971547,167.69178602951752
4902,1.4108570004651784,-248.8087529685904,-5.3923080220297575,87.33800369996159,139.27744502482375,-32.88955266435954,248.87873138592192,168.06384209488297
4903,1.4384421695762304,-248.8353549073458,-5.410680045544853,88.0079491244791,139.30701003961357,-32.83731755151612,248.90659635329254,168.46266573582315
4904,1.4603104364337118,-248.8589654991173,-5.425898372126464,88.72395299414472,139.338773618981,-32.75061961196519,248.9315388795166,168.8813493186521
4905,1.476544909426935,-248.87962871092043,-5.437192350869076,89.47925898601405,139.3693793950696,-32.630176501118065,248.95358321144394,169.31310950059938
4906,1.4873539387266805,-248.89761055603904,-5.443803255371082,90.26704725930338,139.39608461467637,-32.47716255129463,248.9729733277954,169.751737584522
4907,1.4930802108678154,-248.91338018755093,-5.444994303141565,91.08091912326516,139.41695401079505,-32.2932335706066,248.99015428475877,170.19203255903727
4908,1.4942076566633649,-248.92758038332775,-5.440062111943071,91.91536161827783,139.43101246579837,-32.0805458636885,249.0057430524459,170.63018820385443
4909,1.491365110522626,-248.94098855256993,-5.428349219642792,92.76616011893599,139.43834620979345,-31.841767533237448,249.02048996307752,171.0641083851731
4910,1.485325609974729,-248.9544699381819,-5.409257227572253,93.6307295787735,139.44014649255712,-31.58008020185342,249.03523243197944,171.49362933779562
4911,1.4770003344944826,-248.9689253495258,-5.38226013275999,94.50833975936978,139.4386942478134,-31.299169454468206,249.05084327056932,171.9206339281326
4912,1.4674265146153962,-248.98523640880146,-5.346917408623533,95.40021632075585,139.43728878328787,-31.00320256660551,249.0681765587625,172.34905007398004
4913,1.4577491501375555,-249.00421171391096,-5.302886318971715,96.30950743800643,139.44012754393927,-30.696792468352715,249.08801446428964,172.78473303566943
4914,1.4491968889386426,-249.02653731096441,-5.249932844554372,97.24111402072738,139.4521471368521,-30.384947421410498,249.11101838708257,173.23523855711386
4915,1.443052775854276,-249.0527343786905,-5.187940557635217,98.20139001222717,139.4788378074409,-30.07300657134225,249.13768731549453,173.70950025504553
4916,1.4406207641333177,-249.0831261955629,-5.116916841004023,99.19772703130394,139.52604428504722,-29.766562328747085,249.1683254480546,174.21742976131583
4917,1.4431889725284923,-249.11781556272288,-5.036995984337742,100.23804426500561,139.59976540809905,-29.471371321981355,249.20302023433263,174.76946160518682
4918,1.451990765852994,-249.15667315403473,-4.948438851725448,101.33020962202663,139.70596341628175,-29.19325635209083,249.24163128409486,175.37606658627482
4919,1.4681649114428452,-249.19933681487217,-4.851628985185726,102.48142146249403,139.85039159692658,-28.938002323574903,249.28379014200758,176.04725753607306
4920,1.4927163258514045,-249.24522143771455,-4.747065208202263,103.69758164633824,140.03844643610347,-28.711249511522354,249.32891053044838,176.79211011650878
4921,1.526479205696707,-249.29353849331676,-4.635350965113564,104.98269028308722,140.27504784052255,-28.51838773755221,249.37620811210982,177.61831894966886
4922,1.5700845726956403,-249.34332362936226,-4.517180626748729,106.33829067966734,140.56454859500263,-28.364455026533648,249.42472815265867,178.53180625675472
4923,1.6239343821731291,-249.39347021445866,-4.393322798350867,107.76298992762332,140.91067216724758,-28.25404406672076,249.4733789248556,179.5363966531615
4924,1.688184140516855,-249.44276650165216,-4.264600596022958,109.25207669717933,141.31647636700134,-28.191219279715675,249.52096849913096,180.63356808882693
4925,1.7627352642498173,-249.48993420999886,-4.131869253861311,110.79725337911925,141.78433927614296,-28.179446555085406,249.56624271938583,181.82228535498984
4926,1.847237367560424,-249.5336666539441,-3.995992155544814,112.38649493041048,142.3159633511881,-28.221536844301966,249.60792253567308,183.0989192824002
4927,1.9410997637998115,-249.57266498372408,-3.8578169266129274,114.00404180531768,142.9123936874677,-28.319604048948115,249.64473932911582,184.45725188251583
4928,2.0435110207872844,-249.60567159043535,-3.718153240279656,115.63052935592313,143.57404703943402,-28.47503716424547,249.6754673612973,185.8885652835404
4929,2.153465321768635,-249.63150025260492,-3.5777535702152523,117.24325123167033,144.30074907607036,-28.688486492273043,249.69895299246792,187.38181029343747
4930,2.2697943599276376,-249.6490631024025,-3.4372975211649424,118.8165497699614,145.09177819462857,-28.95986379227022,249.71414079605128,188.9238486022888
4931,2.3912033558593957,-249.65739485602478,-3.297379770373686,120.32232231773824,145.9459147646163,-29.288356293655138,249.72009704338723,190.4997608811858
4932,2.516309565079994,-249.65567485401144,-3.158501173464582,121.73062900978412,146.86149484976357,-29.672454430579155,249.7160311148205,192.0932113585322
4933,2.643681470573576,-249.6432472709721,-3.021062320708997,123.01038487869933,147.8364673608919,-30.109992943396485,249.7013151916011,193.68685801899844
4934,2.7718768533771105,-249.61963952772328,-2.8853588471757514,124.13011734110806,148.86845339595362,-30.59820467850492,249.67550224777156,195.26279655801903
4935,2.899478179875282,-249.58457865956643,-2.751578082280563,125.05876902067934,149.9548063161992,-31.133786064774167,249.63834208111015,196.80302567560713
4936,3.025124248223629,-249.53800522498082,-2.619797035008153,125.76652532969459,151.09267086646048,-31.712972900694208,249.58979495850113,198.28992107190587
4937,3.1475376692341253,-249.48008422003593,-2.489982105800347,126.22564601639375,152.27903933298782,-32.331624775692184,249.53004234037405,199.70670544280358
4938,3.2655482744922764,-249.41121232588873,-2.361991198508473,126.41127985072278,153.5108023728141,-32.98531616613672,249.45949401660104,201.03790178757833
4939,3.3781127700057407,-249.33202064786667,-2.2355790060356946,126.30224168043131,154.78479183716303,-33.669431970752775,249.37879081754326,202.2697574325925
4940,3.484330918926708,-249.2433719562036,-2.1104061738794795,125.88173116621773,156.0978127846453,-34.379264978465265,249.28880191152538,203.3906263863811
4941,3.583458394625993,-249.14635141182413,-1.986052910529377,125.1379725486232,157.4466620859779,-35.110112513165305,249.19061566893416,204.391298041155
4942,3.6749162826068047,-249.04224995537544,-1.8620374398975235,124.06475484460451,158.82813163047695,-35.85736930115838,249.08552326430552,205.26526088705643
4943,3.7582970254853834,-248.93253996514312,-1.7378393853701668,122.66185209085359,160.2389950955628,-36.61661350555476,248.97499461078536,206.00889086189497
4944,3.8333664607425413,-248.81884335148254,-1.612927723983665,120.93530397141191,161.67597841770987,-37.38368293150197,248.86064677858224,206.62155532858213
4945,3.900061656265955,-248.70289282697286,-1.4867924892468305,118.89753880599316,163.1357154225316,-38.15473865283635,248.74420561904012,207.105625636067
4946,3.9584845743903805,-248.58648760755122,-1.3589790410590956,116.56732380627487,164.61469146479553,-38.92631371317293,248.62746183541586,207.46639393430087
4947,4.008892030801544,-248.4714452609957,-1.229123440476742,113.969531930145,166.109179270254,-39.695345068306,248.51222320804447,207.71189338365502
4948,4.0516826910687325,-248.3595518076236,-1.0969872145020034,111.13472054498618,167.6151722561584,-40.45918753249487,248.4002650730739,207.85262492682065
4949,4.087381829447994,-248.25251239911108,-0.9624895867711485,108.09852421072645,169.1283212333928,-41.2156091450427,248.29328137364865,207.90119805261853
4950,4.116624363627473,-248.15190488884872,-0.8257351523025198,104.90087183231259,170.64388047072424,-41.96276807341924,248.19283858629322,207.87189715483802
4951,4.140136488715184,-248.05913843579017,-0.687035058235028,101.58504673855623,172.15666867649406,-42.69917193349919,248.10033465144704,207.78018891118822
4952,4.158716186042495,-247.97541904637143,-0.546920045036207,98.19661638625246,173.6610496313555,-43.42362125869272,248.0169648005589,207.64218933483423
4953,4.173212940163891,-247.90172361131272,-0.40614415329160397,94.78226583294523,175.15093608346103,-44.13513975074629,247.9436958274662,207.4741115431182
4954,4.18450705425454,-247.8387834541155,-0.2656784032302155,91.38857542050576,176.61981915883658,-44.83289479170206,247.88124981496054,207.29171664515388
4955,4.19348894289561,-247.787077731835,-0.12669423759523935,88.06078788310433,178.06082398255748,-45.51611238247697,247.83009765329024,207.10979033010503
4956,4.201038706776079,-247.74683638807304,0.009462994135779541,84.84161291521492,179.46679049825255,-46.183991134000316,247.79046204815717,206.94166664232276
4957,4.208006206228054,-247.71805190248278,0.14130968768578525,81.7701176394397,180.8303767348347,-46.83562014132559,247.76232926199813,206.79881805346506
4958,4.215191826019114,-247.70049885208093,0.26726736289394365,78.88074903522347,182.14418022312856,-47.469905510053906,247.7454686065533,206.6905274712242
4959,4.223328233975554,-247.69376023430533,0.3857118293395775,76.20252910985761,183.4008721661813,-48.08550996559696,247.73945864421083,206.62365361918782
4960,4.233063656333404,-247.69725950160557,0.4950258226152131,73.75845558492635,184.59333847154383,-48.68080931945902,247.74371906070527,206.60249666816432
4961,4.244947367428129,-247.7102972475241,0.5936526028685063,71.5651306031162,185.71482184677438,-49.25386857694157,247.75754716477945,206.62876639438363
4962,4.259418059946828,-247.7320914016816,0.6801479932532511,69.63262817648794,186.7590596976692,-49.80243925418329,247.7801578865709,206.7016507032539
4963,4.2767955079611495,-247.7618195729289,0.7532285340294694,67.96459870968287,187.7204133779427,-50.32397824245037,247.81072592403393,206.8179782693084
4964,4.297275594654373,-247.7986618282482,0.8118138578402321,66.55859686837627,188.59398526964787,-50.81568747640001,247.84842833076323,206.97246543720016
4965,4.320928518550581,-247.8418418372098,0.8550619570654395,65.40660818632664,189.37572109461487,-51.27457273914883,247.89248547865512,207.158034471995
4966,4.347699872620357,-247.89066411978794,0.8823965429957381,64.49574086404213,190.06249565174943,-51.697519109073575,247.94219813632048,207.36618777550999
4967,4.37741423817679,-247.94454516205306,0.8935260893586005,63.809042765998065,190.65218077109512,-52.081379824271714,247.996978430148,207.5874208658728
4968,4.409780889990127,-248.00303633339487,0.888454461936728,63.32639996635544,191.14369467350275,-52.423074777759524,248.0563726227585,207.8116558591789
4969,4.444401201771789,-248.0658368171657,0.8674833762457935,63.02547234027742,191.53703218826092,-52.71969450604853,248.12007392160137,208.0286769971289
4970,4.480777403360306,-248.1327952504157,0.8312072935429748,62.88262340238913,191.8332754941063,-52.96860539455177,248.18792401589263,208.22855046392382
4971,4.518322450910972,-248.20389955879554,0.7805016073804336,62.87380542944794,192.03458526991776,-53.16755186440289,248.25990283293547,208.40201226188628
4972,4.556370935548078,-248.27925551936468,0.7165049693823217,62.97536639006837,192.1441723934491,-53.31475146600898,248.33610705410766,208.54081012666643
4973,4.594191208796807,-248.3590556615644,0.6405964245544635,63.16475186321915,192.16625061681617,-53.408979037120865,248.4167190117311,208.63798819000462
4974,4.630999174864466,-248.4435409466539,0.554367854048548,63.42108248029473,192.10597097257087,-53.44963643907981,248.50196842169237,208.68810617302827
4975,4.665974300203869,-248.53295810998378,0.45959216673978487,63.72559502187031,191.96933900498044,-53.43680498734258,248.59208985153415,208.68738815588614
4976,4.698278185659011,-248.62751567760438,0.35818772455032016,64.06194276367258,191.76311625142745,-53.371278568045696,248.6872789463432,208.6337992555142
4977,4.727075602204862,-248.7273416067139,0.2521795653906089,64.41635767170168,191.49470769976014,-53.254576424345814,248.78765036391252,208.52705166846806
4978,4.751557414307588,-248.83244530250522,0.1436580394836037,64.77768326902817,191.17203721728566,-53.08893548310926,248.8932001637557,208.36854431906536
4979,4.770964472268482,-248.94268645230588,0.03473544691672706,65.13729215404855,190.80341320262198,-52.87728276458304,249.00377507435894,208.1612426785326
4980,4.7846113976235145,-249.05775271316497,-0.0724988321766762,65.48890610238303,190.3973869670134,-52.62318893134498,249.11905065246256,207.90950716833532
4981,4.791909216533774,-249.17714777014868,-0.17602427038224366,65.8283394361404,189.96260658899564,-52.33080452339544,249.23851982746257,207.61887995617403
4982,4.7923859784586105,-249.300190604944,-0.27393560692318863,66.15318792673723,189.50766915364864,-52.00478097077635,249.36149264887612,207.29584088877158
4983,4.785704700668004,-249.42602599372967,-0.3644888287622765,66.46248589884091,189.04097433314396,-51.65017902003095,249.48710723801076,206.94754372607133
4984,4.771678080348062,-249.55364540270702,-0.44614541542536496,66.75635341082081,188.57058218233192,-51.27236762179434,249.61435109588948,206.5815437112818
4985,4.750279445497832,-249.68191672954114,-0.5176132811468869,67.03565346119352,188.10407787261508,-50.876916506207245,249.74209119843226,206.20552688796118
4986,4.721649482002251,-249.8096208524322,-0.5778827916182536,67.30167628074237,187.64844596677753,-50.469485631725135,249.8691108227618,205.82705060906127
4987,4.686098409274014,-249.9354927034576,-0.6262562663922399,67.55586418077915,187.2099568131565,-50.05571451255465,249.99415080470496,205.45330353742233
4988,4.644103433350146,-250.0582645550192,-0.6623693299660418,67.7995864363599,186.79406770229593,-49.641114169103666,250.11595290249664,205.09089220939396
4989,4.596301431090939,-250.17670936510098,-0.6862023823198137,68.03396957267536,186.40534152730925,-49.23096411256494,250.2333031014438,204.74565995666256
4990,4.543476885383665,-250.28968229228494,-0.6980805539991829,68.25978446024419,186.0473857682,-48.83021638683406,250.3450729616095,204.4225426903212
4991,4.4865451000747285,-250.3961587627479,-0.6986609520773525,68.47738805581035,185.72281463150253,-48.44340833030935,250.4502573836404,204.125464795688
4992,4.426530706548018,-250.49526767926687,-0.6889067650968285,68.68671466107696,185.43323703803702,-48.07458549752389,250.54800737912797,203.85727718694935
4993,4.36454149538631,-250.5863185008411,-0.6700487067175411,68.88730936731795,185.17927274893984,-47.727236126844375,250.63765657669495,203.61973838699126
4994,4.301737730059666,-250.6688210385388,-0.6435350963922187,69.07839497716435,184.9605981421206,-47.40423855216314,250.71874031961784,203.41353823510744
4995,4.239297344249479,-250.74249697427774,-0.6109724623221742,69.25896308836427,184.77602192830383,-47.10782289312522,250.79100637899174,203.23836237958517
4996,4.178377761932365,-250.8072823701476,-0.5740589963812395,69.4278800279472,184.62358944445486,-46.83954817513451,250.85441657397087,203.09299404528102
4997,4.12007545597974,-250.8633208333944,-0.534513638754757,69.58399875840556,184.50071221826113,-46.600295772296825,250.90913899534172,202.97544775932062
4998,4.065384743224033,-250.91094754681407,-0.49400400983149567,69.72626861732653,184.40431750357206,-46.390279768804604,250.95553108112824,202.8831279633124
4999,4.015157744256874,-250.9506650339671,-0.45407673615077676,69.85383573025233,184.33101073688348,-46.20907447845231,250.99411446094797,202.81300397908456
